{
  "nbformat": 4,
  "nbformat_minor": 0,
  "metadata": {
    "colab": {
      "provenance": [],
      "authorship_tag": "ABX9TyNYEXUQraVnhcqVoh+YEIlb",
      "include_colab_link": true
    },
    "kernelspec": {
      "name": "python3",
      "display_name": "Python 3"
    },
    "language_info": {
      "name": "python"
    }
  },
  "cells": [
    {
      "cell_type": "markdown",
      "metadata": {
        "id": "view-in-github",
        "colab_type": "text"
      },
      "source": [
        "<a href=\"https://colab.research.google.com/github/ghoshatanu857/Instrument_Automation/blob/main/Vector_Magnetometry.ipynb\" target=\"_parent\"><img src=\"https://colab.research.google.com/assets/colab-badge.svg\" alt=\"Open In Colab\"/></a>"
      ]
    },
    {
      "cell_type": "code",
      "source": [
        "import numpy as np\n",
        "from plotly.subplots import make_subplots\n",
        "from plotly import graph_objs as go\n",
        "import plotly.figure_factory as ff"
      ],
      "metadata": {
        "id": "4o2Mwl5B3RAx"
      },
      "execution_count": 1,
      "outputs": []
    },
    {
      "cell_type": "code",
      "source": [
        "fig_template = go.layout.Template()\n",
        "fig_template.layout = {\n",
        "    'template': 'simple_white+presentation',\n",
        "    'autosize': False,\n",
        "    'width': 800,\n",
        "    'height': 600,\n",
        "    # 'opacity': 0.2,\n",
        "    'xaxis': {\n",
        "        'ticks': 'inside',\n",
        "        'mirror': 'ticks',\n",
        "        'linewidth': 1.5+0.5,\n",
        "        'tickwidth': 1.5+0.5,\n",
        "        'ticklen': 6,\n",
        "        'showline': True,\n",
        "        'showgrid': False,\n",
        "        'zerolinecolor': 'white',\n",
        "        },\n",
        "    'yaxis': {\n",
        "        'ticks': 'inside',\n",
        "        'mirror': 'ticks',\n",
        "        'linewidth': 1.5+0.5,\n",
        "        'tickwidth': 1.5+0.5,\n",
        "        'ticklen': 6,\n",
        "        'showline': True,\n",
        "        'showgrid': False,\n",
        "        'zerolinecolor': 'white'\n",
        "        },\n",
        "    'font':{'family':'mathjax',\n",
        "            'size': 22,\n",
        "            }\n",
        "}"
      ],
      "metadata": {
        "id": "M3o8rvblCNv_"
      },
      "execution_count": 2,
      "outputs": []
    },
    {
      "cell_type": "code",
      "source": [
        "wire_radius = 25e-6; distance = 50e-6; wire_current = 10; mu_freeSpace = 4*np.pi*1e-7; chi = -2.2e-5\n",
        "outer_linear_density = 5; inner_linear_density = 5\n",
        "\n",
        "outer_points = np.linspace(wire_radius, distance, outer_linear_density); inner_points = np.linspace(0,wire_radius,inner_linear_density,endpoint=False)"
      ],
      "metadata": {
        "id": "6QkYGLXs6DXp"
      },
      "execution_count": 43,
      "outputs": []
    },
    {
      "cell_type": "code",
      "source": [
        "x_linear_point = np.concatenate((-outer_points[::-1],-inner_points[::-1][:-1],inner_points,outer_points))\n",
        "y_linear_point = x_linear_point"
      ],
      "metadata": {
        "id": "W_mkUFhiHXXR"
      },
      "execution_count": 44,
      "outputs": []
    },
    {
      "cell_type": "code",
      "source": [
        "(np.arctan(-1/-1)+np.pi)*180/np.pi,(2*np.pi+np.arctan(-1/1))*180/np.pi,(np.arctan(1/-1)+np.pi)*180/np.pi"
      ],
      "metadata": {
        "colab": {
          "base_uri": "https://localhost:8080/"
        },
        "id": "vSxt4EsjK8zv",
        "outputId": "c610d3e8-5379-4992-db31-d2c72fee26cf"
      },
      "execution_count": 74,
      "outputs": [
        {
          "output_type": "execute_result",
          "data": {
            "text/plain": [
              "(225.0, 315.0, 135.0)"
            ]
          },
          "metadata": {},
          "execution_count": 74
        }
      ]
    },
    {
      "cell_type": "code",
      "source": [
        "def MagField_Circle(current,mu,chi,wire_radius,x,y):\n",
        "  field = np.ones((x.shape[0],y.shape[0]))\n",
        "  field_xy = np.ones((x.shape[0],y.shape[0],2))\n",
        "  quiver_xy = np.ones((x.shape[0],y.shape[0],2))\n",
        "  for i in range(x.shape[0]):\n",
        "    for j in range(y.shape[0]):\n",
        "      radius = np.sqrt(x[i]**2+y[j]**2)\n",
        "      if radius<=wire_radius:\n",
        "        field[i,j] = None\n",
        "        field_xy[i,j] = np.array([None,None])\n",
        "        quiver_xy[i,j] = np.array([x[i],y[j]])\n",
        "      else:\n",
        "        if x[i]==0:\n",
        "          angle = np.arctan(y[j]*np.inf)\n",
        "        elif x[i]<0 and y[j]<0:\n",
        "          angle = np.arctan(y[j]/x[i])+np.pi\n",
        "        elif x[i]>0 and y[j]<0:\n",
        "          angle = np.arctan(y[j]/x[i])+2*np.pi\n",
        "        elif x[i]<0 and y[j]>0:\n",
        "          angle = np.arctan(y[j]/x[i])+np.pi\n",
        "        elif x[i]>0 and y[j]>0:\n",
        "          angle = np.arctan(y[j]/x[i])\n",
        "\n",
        "        if y[j]<=(-wire_radius):\n",
        "          mu_below = mu*(1+chi)\n",
        "          field[i,j] = (mu_below*current)/(2*np.pi*np.sqrt(x[i]**2+y[j]**2))\n",
        "          field_xy[i,j] = np.array([field[i,j]*np.cos(angle), field[i,j]*np.sin(angle)])\n",
        "          quiver_xy[i,j] = np.array([x[i],y[j]])\n",
        "        else:\n",
        "          field[i,j] = (mu*current)/(2*np.pi*np.sqrt(x[i]**2+y[j]**2))\n",
        "          field_xy[i,j] = np.array([field[i,j]*np.cos(angle), field[i,j]*np.sin(angle)])\n",
        "          quiver_xy[i,j] = np.array([x[i],y[j]])\n",
        "  return field,field_xy,quiver_xy"
      ],
      "metadata": {
        "id": "DvC_wq6OG3Ps"
      },
      "execution_count": 80,
      "outputs": []
    },
    {
      "cell_type": "code",
      "source": [
        "mag_field,field_xy,quiver_xy = MagField_Circle(current=wire_current,mu=mu_freeSpace,chi=chi,wire_radius=wire_radius,x=x_linear_point,y=y_linear_point)"
      ],
      "metadata": {
        "id": "zT-bbLHbI1CT"
      },
      "execution_count": 81,
      "outputs": []
    },
    {
      "cell_type": "code",
      "source": [
        "fig = go.Figure()\n",
        "fig.add_trace(go.Contour(x=x_linear_point,y=y_linear_point,z=mag_field,contours_coloring='heatmap',\n",
        "                                connectgaps = True,line_smoothing=1,colorbar=dict(title='Magnetic Field',titleside='right'),colorscale=None))\n",
        "fig.update_traces(line_width=0)\n",
        "\n",
        "for i in range(0,quiver_xy.shape[0],2):\n",
        "  x = quiver_xy[i,:,0]; y = quiver_xy[i,:,1]\n",
        "  u = -field_xy[i,:,1]; v = field_xy[i,:,0]\n",
        "  quiver_trace = ff.create_quiver(x, y, u, v, scale=0.00005, arrow_scale=0.5, scaleratio=1.0, angle=np.pi/9, line=dict(width=1.2, color='black')).data[0]\n",
        "  fig.add_trace(quiver_trace)\n",
        "\n",
        "\n",
        "# fig.add_trace(go.Scatter(x=wire_radius*np.cos(np.linspace(0,2*np.pi,1000)), y=wire_radius*np.sin(np.linspace(0,2*np.pi,1000)),\n",
        "#                          mode='lines', line=dict(color='yellow', width=0.7),fill = 'tonexty',fillcolor = 'rgba(127, 0, 255, 0.4)'))\n",
        "fig.add_trace(go.Scatter(x=[0], y=[0], mode='markers', marker_size=15, marker=dict(color='yellow')))\n",
        "fig.add_trace(go.Scatter(x=x_linear_point, y=-wire_radius*np.ones(x_linear_point.shape[0]), mode='lines', marker=dict(color='yellow'),fill=None))\n",
        "fig.add_trace(go.Scatter(x=x_linear_point, y=-y_linear_point[-1]*np.ones(x_linear_point.shape[0]), mode='lines', marker=dict(color='grey'),\n",
        "                         fill='tonexty',fillcolor = 'rgba(255, 255, 255, 0.5)'))\n",
        "\n",
        "fig.update_layout(template=fig_template, title = None,width=800, height=700)\n",
        "fig.update_xaxes(title = 'Distance',range = [x_linear_point[0],x_linear_point[-1]])\n",
        "fig.update_yaxes(title = 'Distance', range = [y_linear_point[0],y_linear_point[-1]])\n",
        "fig.update_layout(showlegend=False)\n",
        "\n",
        "fig.show()"
      ],
      "metadata": {
        "colab": {
          "base_uri": "https://localhost:8080/",
          "height": 717
        },
        "id": "zCvDieAAJNq_",
        "outputId": "682a9c73-7529-4094-fb2e-7dd0624b5e3d"
      },
      "execution_count": 82,
      "outputs": [
        {
          "output_type": "display_data",
          "data": {
            "text/html": [
              "<html>\n",
              "<head><meta charset=\"utf-8\" /></head>\n",
              "<body>\n",
              "    <div>            <script src=\"https://cdnjs.cloudflare.com/ajax/libs/mathjax/2.7.5/MathJax.js?config=TeX-AMS-MML_SVG\"></script><script type=\"text/javascript\">if (window.MathJax && window.MathJax.Hub && window.MathJax.Hub.Config) {window.MathJax.Hub.Config({SVG: {font: \"STIX-Web\"}});}</script>                <script type=\"text/javascript\">window.PlotlyConfig = {MathJaxConfig: 'local'};</script>\n",
              "        <script charset=\"utf-8\" src=\"https://cdn.plot.ly/plotly-2.24.1.min.js\"></script>                <div id=\"08203ffc-3aeb-473b-8e4f-85ea038a7fac\" class=\"plotly-graph-div\" style=\"height:700px; width:800px;\"></div>            <script type=\"text/javascript\">                                    window.PLOTLYENV=window.PLOTLYENV || {};                                    if (document.getElementById(\"08203ffc-3aeb-473b-8e4f-85ea038a7fac\")) {                    Plotly.newPlot(                        \"08203ffc-3aeb-473b-8e4f-85ea038a7fac\",                        [{\"colorbar\":{\"title\":{\"side\":\"right\",\"text\":\"Magnetic Field\"}},\"connectgaps\":true,\"contours\":{\"coloring\":\"heatmap\"},\"line\":{\"smoothing\":1,\"width\":0},\"x\":[-5e-05,-4.3750000000000006e-05,-3.7500000000000003e-05,-3.125e-05,-2.5e-05,-2e-05,-1.5000000000000002e-05,-1e-05,-5e-06,0.0,5e-06,1e-05,1.5000000000000002e-05,2e-05,2.5e-05,3.125e-05,3.7500000000000003e-05,4.3750000000000006e-05,5e-05],\"y\":[-5e-05,-4.3750000000000006e-05,-3.7500000000000003e-05,-3.125e-05,-2.5e-05,-2e-05,-1.5000000000000002e-05,-1e-05,-5e-06,0.0,5e-06,1e-05,1.5000000000000002e-05,2e-05,2.5e-05,3.125e-05,3.7500000000000003e-05,4.3750000000000006e-05,5e-05],\"z\":[[0.02828364899349446,0.030102405520783766,0.031999295999999997,0.033919185921695995,0.03577630054406855,0.03713906763541037,0.038313051408846055,0.039223227027636816,0.03980148760839957,0.04,0.03980148760839957,0.039223227027636816,0.038313051408846055,0.03713906763541037,0.03577708763999664,0.033919932160203524,0.032,0.030103067788275113,0.0282842712474619],[0.030102405520783766,0.03232417027827937,0.034708109655773464,0.03719842601464541,0.039690241864015194,0.041575976026779426,0.043243243243243246,0.04456496030042821,0.045418636464292755,0.04571428571428571,0.045418636464292755,0.04456496030042821,0.043243243243243246,0.041575976026779426,0.0396911150685467,0.03719924439802217,0.034708873250984984,0.03232488142567074,0.030103067788275113],[0.031999295999999997,0.034708109655773464,0.03771153199132594,0.040970900198891984,0.04437503942567297,0.047058823529411764,0.04951875684721383,0.05153253011206647,0.05286548803640719,0.05333333333333333,0.05286548803640719,0.05153253011206647,0.04951875684721383,0.047058823529411764,0.04437601569801833,0.04097180157852671,0.03771236166328253,0.034708873250984984,0.032],[0.033919185921695995,0.03719842601464541,0.040970900198891984,0.045253838389591135,0.04997450434107024,0.05390536964233673,0.05769747567796951,0.06095514542075675,0.06319620044266915,0.064,0.06319620044266915,0.06095514542075675,0.05769747567796951,0.05390536964233673,0.04997560380435394,0.04525483399593905,0.04097180157852671,0.03719924439802217,0.033919932160203524],[0.03577630054406855,0.039690241864015194,0.04437503942567297,0.04997450434107024,0.05656729798698892,0.06246950475544243,0.06859943405700354,0.07427813527082074,0.07844645405527363,null,0.07844645405527363,0.07427813527082074,0.06859943405700354,0.06246950475544243,0.0565685424949238,0.04997560380435394,0.04437601569801833,0.0396911150685467,0.03577708763999664],[0.03713825057592239,0.041575061355306836,0.047057788235294114,0.053904183724204593,0.06246813042633781,0.07071067811865475,null,null,null,null,null,null,null,0.07071067811865475,0.06246950475544243,0.05390536964233673,0.047058823529411764,0.041575976026779426,0.03713906763541037],[0.03831220852171506,0.04324229189189189,0.04951766743456319,0.05769620633350459,0.06859792486945428,null,null,null,null,null,null,null,null,null,0.06859943405700354,0.05769747567796951,0.04951875684721383,0.043243243243243246,0.038313051408846055],[0.039222364116642205,0.044563979871301604,0.051531396396404,0.06095380440755749,0.07427650115184478,null,null,null,null,null,null,null,null,null,0.07427813527082074,0.06095514542075675,0.05153253011206647,0.04456496030042821,0.039223227027636816],[0.03980061197567218,0.04541763725429054,0.052864324995670384,0.0631948101262594,0.07844472823328441,null,null,null,null,null,null,null,null,null,0.07844645405527363,0.06319620044266915,0.05286548803640719,0.045418636464292755,0.03980148760839957],[0.03999912,0.04571327999999999,0.053332159999999997,0.06399859199999999,null,null,null,null,null,null,null,null,null,null,null,0.064,0.05333333333333333,0.04571428571428571,0.04],[0.03980061197567218,0.04541763725429054,0.052864324995670384,0.0631948101262594,0.07844472823328441,null,null,null,null,null,null,null,null,null,0.07844645405527363,0.06319620044266915,0.05286548803640719,0.045418636464292755,0.03980148760839957],[0.039222364116642205,0.044563979871301604,0.051531396396404,0.06095380440755749,0.07427650115184478,null,null,null,null,null,null,null,null,null,0.07427813527082074,0.06095514542075675,0.05153253011206647,0.04456496030042821,0.039223227027636816],[0.03831220852171506,0.04324229189189189,0.04951766743456319,0.05769620633350459,0.06859792486945428,null,null,null,null,null,null,null,null,null,0.06859943405700354,0.05769747567796951,0.04951875684721383,0.043243243243243246,0.038313051408846055],[0.03713825057592239,0.041575061355306836,0.047057788235294114,0.053904183724204593,0.06246813042633781,0.07071067811865475,null,null,null,null,null,null,null,0.07071067811865475,0.06246950475544243,0.05390536964233673,0.047058823529411764,0.041575976026779426,0.03713906763541037],[0.03577630054406855,0.039690241864015194,0.04437503942567297,0.04997450434107024,0.05656729798698892,0.06246950475544243,0.06859943405700354,0.07427813527082074,0.07844645405527363,null,0.07844645405527363,0.07427813527082074,0.06859943405700354,0.06246950475544243,0.0565685424949238,0.04997560380435394,0.04437601569801833,0.0396911150685467,0.03577708763999664],[0.033919185921695995,0.03719842601464541,0.040970900198891984,0.045253838389591135,0.04997450434107024,0.05390536964233673,0.05769747567796951,0.06095514542075675,0.06319620044266915,0.064,0.06319620044266915,0.06095514542075675,0.05769747567796951,0.05390536964233673,0.04997560380435394,0.04525483399593905,0.04097180157852671,0.03719924439802217,0.033919932160203524],[0.031999295999999997,0.034708109655773464,0.03771153199132594,0.040970900198891984,0.04437503942567297,0.047058823529411764,0.04951875684721383,0.05153253011206647,0.05286548803640719,0.05333333333333333,0.05286548803640719,0.05153253011206647,0.04951875684721383,0.047058823529411764,0.04437601569801833,0.04097180157852671,0.03771236166328253,0.034708873250984984,0.032],[0.030102405520783766,0.03232417027827937,0.034708109655773464,0.03719842601464541,0.039690241864015194,0.041575976026779426,0.043243243243243246,0.04456496030042821,0.045418636464292755,0.04571428571428571,0.045418636464292755,0.04456496030042821,0.043243243243243246,0.041575976026779426,0.0396911150685467,0.03719924439802217,0.034708873250984984,0.03232488142567074,0.030103067788275113],[0.02828364899349446,0.030102405520783766,0.031999295999999997,0.033919185921695995,0.03577630054406855,0.03713906763541037,0.038313051408846055,0.039223227027636816,0.03980148760839957,0.04,0.03980148760839957,0.039223227027636816,0.038313051408846055,0.03713906763541037,0.03577708763999664,0.033919932160203524,0.032,0.030103067788275113,0.0282842712474619]],\"type\":\"contour\"},{\"line\":{\"color\":\"black\",\"width\":1.2},\"mode\":\"lines\",\"x\":[-5e-05,-4.9000022000000005e-05,null,-5e-05,-4.900887136283186e-05,null,-5e-05,-4.904002112e-05,null,-5e-05,-4.910114337078652e-05,null,-5e-05,-4.92000176e-05,null,-5e-05,-4.931034482758621e-05,null,-5e-05,-4.944954128440367e-05,null,-5e-05,-4.961538461538462e-05,null,-5e-05,-4.98019801980198e-05,null,-5e-05,-4.9800992561958e-05,null,-5e-05,-5.01980198019802e-05,null,-5e-05,-5.038461538461539e-05,null,-5e-05,-5.055045871559633e-05,null,-5e-05,-5.0689655172413794e-05,null,-5e-05,-5.08e-05,null,-5e-05,-5.0898876404494386e-05,null,-5e-05,-5.096e-05,null,-5e-05,-5.099115044247788e-05,null,-5e-05,-5.1e-05,null,-4.964086428321539e-05,-4.9000022000000005e-05,-4.929885166433287e-05,null,-4.966825575815206e-05,-4.900887136283186e-05,-4.928084323410815e-05,null,-4.970995173090797e-05,-4.904002112e-05,-4.927217557873835e-05,null,-4.976940950011698e-05,-4.910114337078652e-05,-4.9277526183072465e-05,null,-4.984949647412532e-05,-4.92000176e-05,-4.9302276283913286e-05,null,-4.9929221716931065e-05,-4.931034482758621e-05,-4.933953181464543e-05,null,-5.002195222895545e-05,-4.944954128440367e-05,-4.939439233294505e-05,null,-5.012496025719505e-05,-4.961538461538462e-05,-4.946722921233799e-05,null,-5.023365287663788e-05,-4.98019801980198e-05,-4.9556385266092e-05,null,-5.023481823487278e-05,-4.9800992561958e-05,-4.95541727100528e-05,null,-5.0443614733908e-05,-5.01980198019802e-05,-4.976634712336212e-05,null,-5.053277078766201e-05,-5.038461538461539e-05,-4.987503974280495e-05,null,-5.0605607667054954e-05,-5.055045871559633e-05,-4.9978047771044554e-05,null,-5.066046818535457e-05,-5.0689655172413794e-05,-5.007077828306894e-05,null,-5.0697739066346174e-05,-5.08e-05,-5.01505068370251e-05,null,-5.0722489711701197e-05,-5.0898876404494386e-05,-5.023059557298563e-05,null,-5.0727840433751195e-05,-5.096e-05,-5.0290054650294335e-05,null,-5.071917258768878e-05,-5.099115044247788e-05,-5.033175154038183e-05,null,-5.070116376126988e-05,-5.1e-05,-5.0359143617944214e-05,null],\"y\":[-5e-05,-5.0999978e-05,null,-4.3750000000000006e-05,-4.488271844247788e-05,null,-3.7500000000000003e-05,-3.8779971840000004e-05,null,-3.125e-05,-3.268817060674157e-05,null,-2.5e-05,-2.65999648e-05,null,-2e-05,-2.1724137931034484e-05,null,-1.5000000000000002e-05,-1.68348623853211e-05,null,-1e-05,-1.1923076923076925e-05,null,-5e-06,-6.980198019801981e-06,null,0.0,-1.9900743804199785e-06,null,5e-06,3.0198019801980196e-06,null,1e-05,8.076923076923077e-06,null,1.5000000000000002e-05,1.3165137614678901e-05,null,2e-05,1.827586206896552e-05,null,2.5e-05,2.34e-05,null,3.125e-05,2.981179775280899e-05,null,3.7500000000000003e-05,3.622e-05,null,4.3750000000000006e-05,4.261725663716815e-05,null,5e-05,4.9000000000000005e-05,null,-5.0701148335667135e-05,-5.0999978e-05,-5.0359135716784616e-05,null,-4.452000784083481e-05,-4.488271844247788e-05,-4.4181021882296386e-05,null,-3.834274785063273e-05,-3.8779971840000004e-05,-3.8014415736505516e-05,null,-3.216616499002486e-05,-3.268817060674157e-05,-3.1858737916872035e-05,null,-2.5985032289514408e-05,-2.65999648e-05,-2.5711422194408393e-05,null,-2.1031996065986516e-05,-2.1724137931034484e-05,-2.0796120105072262e-05,null,-1.6066893047900727e-05,-1.68348623853211e-05,-1.5878625079097606e-05,null,-1.1085299430653103e-05,-1.1923076923076925e-05,-1.0953753221681692e-05,null,-6.083672666877881e-06,-6.980198019801981e-06,-6.0159459058232926e-06,null,-1.0890775516131067e-06,-1.9900743804199785e-06,-1.0210129991311079e-06,null,3.984054094176708e-06,3.0198019801980196e-06,3.91632733312212e-06,null,9.04624677831831e-06,8.076923076923077e-06,8.914700569346898e-06,null,1.4121374920902395e-05,1.3165137614678901e-05,1.3933106952099275e-05,null,1.920387989492774e-05,1.827586206896552e-05,1.8968003934013487e-05,null,2.4288562153958995e-05,2.34e-05,2.4014946039298458e-05,null,3.0641248690599154e-05,2.981179775280899e-05,3.0333814853901926e-05,null,3.69855729460993e-05,3.622e-05,3.665723360850666e-05,null,4.3318968635013596e-05,4.261725663716815e-05,4.2979975218620014e-05,null,4.964085638205579e-05,4.9000000000000005e-05,4.9298836238730126e-05,null],\"type\":\"scatter\"},{\"line\":{\"color\":\"black\",\"width\":1.2},\"mode\":\"lines\",\"x\":[-3.7500000000000003e-05,-3.622002816e-05,null,-3.7500000000000003e-05,-3.618238192941177e-05,null,-3.7500000000000003e-05,-3.6166696e-05,null,-3.7500000000000003e-05,-3.6188553442622954e-05,null,-3.7500000000000003e-05,-3.626925784615385e-05,null,-3.7500000000000003e-05,-3.639273356401385e-05,null,-3.7500000000000003e-05,-3.6580459770114943e-05,null,-3.7500000000000003e-05,-3.683609958506225e-05,null,-3.7500000000000003e-05,-3.715065502183406e-05,null,-3.7500000000000003e-05,-3.7147563413090625e-05,null,-3.7500000000000003e-05,-3.7849344978165944e-05,null,-3.7500000000000003e-05,-3.816390041493776e-05,null,-3.7500000000000003e-05,-3.8419540229885064e-05,null,-3.7500000000000003e-05,-3.8607266435986167e-05,null,-3.7500000000000003e-05,-3.8730769230769234e-05,null,-3.7500000000000003e-05,-3.881147540983607e-05,null,-3.7500000000000003e-05,-3.883333333333334e-05,null,-3.7500000000000003e-05,-3.881764705882353e-05,null,-3.7500000000000003e-05,-3.8780000000000005e-05,null,-3.698558426349449e-05,-3.622002816e-05,-3.6657252149367275e-05,null,-3.6994596456106624e-05,-3.618238192941177e-05,-3.6608323380662843e-05,null,-3.7021152377620514e-05,-3.6166696e-05,-3.656513555244383e-05,null,-3.7073856452594936e-05,-3.6188553442622954e-05,-3.653560708517327e-05,null,-3.7163221462075095e-05,-3.626925784615385e-05,-3.6531813550291993e-05,null,-3.7268016824648604e-05,-3.639273356401385e-05,-3.655794040251919e-05,null,-3.7405628955908085e-05,-3.6580459770114943e-05,-3.661937575286057e-05,null,-3.75737819612472e-05,-3.683609958506225e-05,-3.672227952973101e-05,null,-3.7762854794013704e-05,-3.715065502183406e-05,-3.6866732147745577e-05,null,-3.776518098797732e-05,-3.7147563413090625e-05,-3.686112789821765e-05,null,-3.813326785225443e-05,-3.7849344978165944e-05,-3.72371452059863e-05,null,-3.8277720470268995e-05,-3.816390041493776e-05,-3.742621803875281e-05,null,-3.8380624247139435e-05,-3.8419540229885064e-05,-3.759437104409192e-05,null,-3.844205959748082e-05,-3.8607266435986167e-05,-3.77319831753514e-05,null,-3.8468207750278526e-05,-3.8730769230769234e-05,-3.783678594721575e-05,null,-3.846441413193764e-05,-3.881147540983607e-05,-3.792615292276937e-05,null,-3.843488501502651e-05,-3.883333333333334e-05,-3.797885815725895e-05,null,-3.839169623665437e-05,-3.881764705882353e-05,-3.8005414663015966e-05,null,-3.8342766391493345e-05,-3.8780000000000005e-05,-3.8014427053900705e-05,null],\"y\":[-5e-05,-5.0959978880000005e-05,null,-4.3750000000000006e-05,-4.4879386917647066e-05,null,-3.7500000000000003e-05,-3.8833304000000004e-05,null,-3.125e-05,-3.282373586885246e-05,null,-2.5e-05,-2.6846113230769233e-05,null,-2e-05,-2.207612456747405e-05,null,-1.5000000000000002e-05,-1.7298850574712645e-05,null,-1e-05,-1.2489626556016598e-05,null,-5e-06,-7.6200873362445426e-06,null,0.0,-2.643274401820359e-06,null,5e-06,2.3799126637554583e-06,null,1e-05,7.510373443983403e-06,null,1.5000000000000002e-05,1.2701149425287359e-05,null,2e-05,1.7923875432525954e-05,null,2.5e-05,2.3153846153846155e-05,null,3.125e-05,2.967622950819672e-05,null,3.7500000000000003e-05,3.616666666666667e-05,null,4.3750000000000006e-05,4.262058823529412e-05,null,5e-05,4.9040000000000005e-05,null,-5.0727824421261656e-05,-5.0959978880000005e-05,-5.029004826909203e-05,null,-4.457407460206006e-05,-4.4879386917647066e-05,-4.412342268070899e-05,null,-3.843486444755618e-05,-3.8833304000000004e-05,-3.797884762237949e-05,null,-3.230859244709811e-05,-3.282373586885246e-05,-3.1860051307580055e-05,null,-2.6189193044652393e-05,-2.6846113230769233e-05,-2.576825443679699e-05,null,-2.1290018812098043e-05,-2.207612456747405e-05,-2.0911311386962354e-05,null,-1.637599475464869e-05,-1.7298850574712645e-05,-1.6061493473429685e-05,null,-1.1433418361951374e-05,-1.2489626556016598e-05,-1.1206351046880391e-05,null,-6.4487904781539495e-06,-7.6200873362445426e-06,-6.329307458651532e-06,null,-1.461611882752898e-06,-2.643274401820359e-06,-1.341071470784943e-06,null,3.6706925413484687e-06,2.3799126637554583e-06,3.5512095218460513e-06,null,8.79364895311961e-06,7.510373443983403e-06,8.566581638048628e-06,null,1.3938506526570319e-05,1.2701149425287359e-05,1.3624005245351313e-05,null,1.908868861303765e-05,1.7923875432525954e-05,1.8709981187901957e-05,null,2.423172866123356e-05,2.3153846153846155e-05,2.3810780792525043e-05,null,3.0639935270995906e-05,2.967622950819672e-05,3.0191384263355686e-05,null,3.7021141842741054e-05,3.616666666666667e-05,3.6565114984973494e-05,null,4.337656910381131e-05,4.262058823529412e-05,4.292590726789984e-05,null,4.970994534970567e-05,4.9040000000000005e-05,4.927215956624881e-05,null],\"type\":\"scatter\"},{\"line\":{\"color\":\"black\",\"width\":1.2},\"mode\":\"lines\",\"x\":[-2.5e-05,-2.3400035200000002e-05,null,-2.5e-05,-2.3276960984615386e-05,null,-2.5e-05,-2.3153886769230773e-05,null,-2.5e-05,-2.304882341463415e-05,null,-2.5e-05,-2.3000044e-05,null,-2.5e-05,-2.304878048780488e-05,null,-2.5e-05,-2.323529411764706e-05,null,-2.5e-05,-2.3620689655172415e-05,null,-2.5e-05,-2.423076923076923e-05,null,-2.5e-05,null,null,-2.5e-05,-2.576923076923077e-05,null,-2.5e-05,-2.6379310344827588e-05,null,-2.5e-05,-2.6764705882352942e-05,null,-2.5e-05,-2.6951219512195123e-05,null,-2.5e-05,-2.7000000000000002e-05,null,-2.5e-05,-2.6951219512195123e-05,null,-2.5e-05,-2.6846153846153848e-05,null,-2.5e-05,-2.6723076923076925e-05,null,-2.5e-05,-2.6600000000000003e-05,null,-2.428857780559161e-05,-2.3400035200000002e-05,-2.4014967710485594e-05,null,-2.4254899951799116e-05,-2.3276960984615386e-05,-2.3918149065514795e-05,null,-2.4231745563203015e-05,-2.3153886769230773e-05,-2.381080695534761e-05,null,-2.4232513212345625e-05,-2.304882341463415e-05,-2.369863985604121e-05,null,-2.4281728566430768e-05,-2.3000044e-05,-2.3597703328665735e-05,null,-2.4382651512139507e-05,-2.304878048780488e-05,-2.3548456040613488e-05,null,-2.456740546440767e-05,-2.323529411764706e-05,-2.3561463866390994e-05,null,-2.4858443433862124e-05,-2.3620689655172415e-05,-2.3679063629290853e-05,null,-2.5249920514390097e-05,-2.423076923076923e-05,-2.3934458424675988e-05,null,null,null,null,null,-2.6065541575324017e-05,-2.576923076923077e-05,-2.4750079485609906e-05,null,-2.632093637070915e-05,-2.6379310344827588e-05,-2.514155656613788e-05,null,-2.6438536133609008e-05,-2.6764705882352942e-05,-2.5432594535592334e-05,null,-2.6451543959386515e-05,-2.6951219512195123e-05,-2.5617348487860495e-05,null,-2.6402327522539762e-05,-2.7000000000000002e-05,-2.5718287235888425e-05,null,-2.6301388774511832e-05,-2.6951219512195123e-05,-2.5767503672735178e-05,null,-2.618921920747496e-05,-2.6846153846153848e-05,-2.5768271338766442e-05,null,-2.6081874735729397e-05,-2.6723076923076925e-05,-2.5745116440762582e-05,null,-2.5985053960701544e-05,-2.6600000000000003e-05,-2.5711437846041008e-05,null],\"y\":[-5e-05,-5.0799982400000005e-05,null,-4.3750000000000006e-05,-4.473459372307693e-05,null,-3.7500000000000003e-05,-3.873074215384616e-05,null,-3.125e-05,-3.2810941268292685e-05,null,-2.5e-05,-2.6999956000000002e-05,null,-2e-05,-2.2439024390243904e-05,null,-1.5000000000000002e-05,-1.7941176470588237e-05,null,-1e-05,-1.3448275862068966e-05,null,-5e-06,-8.846153846153847e-06,null,0.0,null,null,5e-06,1.1538461538461528e-06,null,1e-05,6.551724137931036e-06,null,1.5000000000000002e-05,1.2058823529411767e-05,null,2e-05,1.75609756097561e-05,null,2.5e-05,2.3e-05,null,3.125e-05,2.9689024390243904e-05,null,3.7500000000000003e-05,3.626923076923077e-05,null,4.3750000000000006e-05,4.276538461538462e-05,null,5e-05,4.92e-05,null,-5.069772371608672e-05,-5.0799982400000005e-05,-5.015050352587469e-05,null,-4.456664302055196e-05,-4.473459372307693e-05,-4.397732896955439e-05,null,-3.846818644970802e-05,-3.873074215384616e-05,-3.783677853792491e-05,null,-3.2411209620335526e-05,-3.2810941268292685e-05,-3.174386792495501e-05,null,-2.6402296671334267e-05,-2.6999956000000002e-05,-2.5718271433569235e-05,null,-2.162673596813979e-05,-2.2439024390243904e-05,-2.0959379590918973e-05,null,-1.6861058037072784e-05,-1.7941176470588237e-05,-1.625749307826278e-05,null,-1.2063992131973034e-05,-1.3448275862068966e-05,-1.1592240210144526e-05,null,-7.170598861306204e-06,-8.846153846153847e-06,-6.9075064433633815e-06,null,null,null,null,null,3.0924935566366193e-06,1.1538461538461528e-06,2.829401138693797e-06,null,8.407759789855476e-06,6.551724137931036e-06,7.936007868026968e-06,null,1.3742506921737222e-05,1.2058823529411767e-05,1.3138941962927218e-05,null,1.904062040908103e-05,1.75609756097561e-05,1.8373264031860213e-05,null,2.4281712764111577e-05,2.3e-05,2.359767247746024e-05,null,3.075612120971161e-05,2.9689024390243904e-05,3.0088764832490788e-05,null,3.7163214052784256e-05,3.626923076923077e-05,3.653179224972148e-05,null,4.352266602909826e-05,4.276538461538462e-05,4.293333901290634e-05,null,4.9849493162974904e-05,4.92e-05,4.930226093365383e-05,null],\"type\":\"scatter\"},{\"line\":{\"color\":\"black\",\"width\":1.2},\"mode\":\"lines\",\"x\":[-1.5000000000000002e-05,-1.3165177981651378e-05,null,-1.5000000000000002e-05,-1.2954756464572684e-05,null,-1.5000000000000002e-05,-1.2701200000000003e-05,null,-1.5000000000000002e-05,-1.239927698309493e-05,null,-1.5000000000000002e-05,-1.2058888235294119e-05,null,-1.5000000000000002e-05,null,null,-1.5000000000000002e-05,null,null,-1.5000000000000002e-05,null,null,-1.5000000000000002e-05,null,null,-1.5000000000000002e-05,null,null,-1.5000000000000002e-05,null,null,-1.5000000000000002e-05,null,null,-1.5000000000000002e-05,null,null,-1.5000000000000002e-05,null,null,-1.5000000000000002e-05,-1.7941176470588237e-05,null,-1.5000000000000002e-05,-1.7600780234070224e-05,null,-1.5000000000000002e-05,-1.7298850574712645e-05,null,-1.5000000000000002e-05,-1.704528853177502e-05,null,-1.5000000000000002e-05,-1.68348623853211e-05,null,-1.4121394250654136e-05,-1.3165177981651378e-05,-1.3933130423746329e-05,null,-1.4035623362769293e-05,-1.2954756464572684e-05,-1.3795789824327207e-05,null,-1.3938529879426734e-05,-1.2701200000000003e-05,-1.3624035517235917e-05,null,-1.3834697015099948e-05,-1.239927698309493e-05,-1.3407737178783674e-05,null,-1.3742534586584945e-05,-1.2058888235294119e-05,-1.3138982906204033e-05,null,null,null,null,null,null,null,null,null,null,null,null,null,null,null,null,null,null,null,null,null,null,null,null,null,null,null,null,null,null,null,null,null,null,null,null,null,-1.6861058037072784e-05,-1.7941176470588237e-05,-1.625749307826278e-05,null,-1.659229785176907e-05,-1.7600780234070224e-05,-1.6165328622129744e-05,null,-1.637599475464869e-05,-1.7298850574712645e-05,-1.6061493473429685e-05,null,-1.620423666887951e-05,-1.704528853177502e-05,-1.59643978539835e-05,null,-1.6066893047900727e-05,-1.68348623853211e-05,-1.5878625079097606e-05,null],\"y\":[-5e-05,-5.055044660550459e-05,null,-4.3750000000000006e-05,-4.445122635500366e-05,null,-3.7500000000000003e-05,-3.841952e-05,null,-3.125e-05,-3.2498347048114435e-05,null,-2.5e-05,-2.6764667058823532e-05,null,-2e-05,null,null,-1.5000000000000002e-05,null,null,-1e-05,null,null,-5e-06,null,null,0.0,null,null,5e-06,null,null,1e-05,null,null,1.5000000000000002e-05,null,null,2e-05,null,null,2.5e-05,2.323529411764706e-05,null,3.125e-05,3.0001625487646296e-05,null,3.7500000000000003e-05,3.6580459770114943e-05,null,4.3750000000000006e-05,4.3048758217677146e-05,null,5e-05,4.944954128440367e-05,null,-5.0605594343686274e-05,-5.055044660550459e-05,-4.997804825399359e-05,null,-4.447151498291627e-05,-4.445122635500366e-05,-4.377200049579352e-05,null,-3.8380604873405996e-05,-3.841952e-05,-3.759436896792895e-05,null,-3.2356565622964054e-05,-3.2498347048114435e-05,-3.1467065963971815e-05,null,-2.643850448581407e-05,-2.6764667058823532e-05,-2.5432585018512552e-05,null,null,null,null,null,null,null,null,null,null,null,null,null,null,null,null,null,null,null,null,null,null,null,null,null,null,null,null,null,null,null,null,null,null,null,null,null,2.456740546440767e-05,2.323529411764706e-05,2.3561463866390994e-05,null,3.103292926047192e-05,3.0001625487646296e-05,3.0143410032056657e-05,null,3.7405628955908085e-05,3.6580459770114943e-05,3.661937575286057e-05,null,4.372799902018494e-05,4.3048758217677146e-05,4.30284691434049e-05,null,5.002195222895545e-05,4.944954128440367e-05,4.939439233294505e-05,null],\"type\":\"scatter\"},{\"line\":{\"color\":\"black\",\"width\":1.2},\"mode\":\"lines\",\"x\":[-5e-06,-3.0198455445544554e-06,null,-5e-06,-2.7438046736502827e-06,null,-5e-06,-2.3799703056768562e-06,null,-5e-06,-1.8799438377535109e-06,null,-5e-06,-1.1539307692307693e-06,null,-5e-06,null,null,-5e-06,null,null,-5e-06,null,null,-5e-06,null,null,-5e-06,null,null,-5e-06,null,null,-5e-06,null,null,-5e-06,null,null,-5e-06,null,null,-5e-06,-8.846153846153847e-06,null,-5e-06,-8.120124804992201e-06,null,-5e-06,-7.6200873362445426e-06,null,-5e-06,-7.256244963738921e-06,null,-5e-06,-6.980198019801981e-06,null,-3.984076444986637e-06,-3.0198455445544554e-06,-3.916351173920792e-06,null,-3.847964823198029e-06,-2.7438046736502827e-06,-3.7597746233250205e-06,null,-3.6707217861125587e-06,-2.3799703056768562e-06,-3.5512413952365715e-06,null,-3.4312604782674783e-06,-1.8799438377535109e-06,-3.2605209493401706e-06,null,-3.0925355217783738e-06,-1.1539307692307693e-06,-2.829448891868746e-06,null,null,null,null,null,null,null,null,null,null,null,null,null,null,null,null,null,null,null,null,null,null,null,null,null,null,null,null,null,null,null,null,null,null,null,null,null,-7.170598861306204e-06,-8.846153846153847e-06,-6.9075064433633815e-06,null,-6.7395173200408725e-06,-8.120124804992201e-06,-6.568774034761287e-06,null,-6.4487904781539495e-06,-7.6200873362445426e-06,-6.329307458651532e-06,null,-6.2402526622335505e-06,-7.256244963738921e-06,-6.152060522133458e-06,null,-6.083672666877881e-06,-6.980198019801981e-06,-6.0159459058232926e-06,null],\"y\":[-5e-05,-5.019801544554456e-05,null,-4.3750000000000006e-05,-4.400785089443997e-05,null,-3.7500000000000003e-05,-3.784933729257642e-05,null,-3.125e-05,-3.1749208985959435e-05,null,-2.5e-05,-2.576921384615385e-05,null,-2e-05,null,null,-1.5000000000000002e-05,null,null,-1e-05,null,null,-5e-06,null,null,0.0,null,null,5e-06,null,null,1e-05,null,null,1.5000000000000002e-05,null,null,2e-05,null,null,2.5e-05,2.423076923076923e-05,null,3.125e-05,3.075078003120125e-05,null,3.7500000000000003e-05,3.715065502183406e-05,null,4.3750000000000006e-05,4.349214343271556e-05,null,5e-05,4.98019801980198e-05,null,-5.044360497438385e-05,-5.019801544554456e-05,-4.976635226372541e-05,null,-4.427253272750025e-05,-4.400785089443997e-05,-4.3500868478611415e-05,null,-3.813325392036168e-05,-3.784933729257642e-05,-3.723715098879177e-05,null,-3.204821851368923e-05,-3.1749208985959435e-05,-3.0981096457893546e-05,null,-2.606551813340936e-05,-2.576921384615385e-05,-2.475008498386122e-05,null,null,null,null,null,null,null,null,null,null,null,null,null,null,null,null,null,null,null,null,null,null,null,null,null,null,null,null,null,null,null,null,null,null,null,null,null,2.5249920514390097e-05,2.423076923076923e-05,2.3934458424675988e-05,null,3.151890945811453e-05,3.075078003120125e-05,3.0451763925117124e-05,null,3.7762854794013704e-05,3.715065502183406e-05,3.686673214774557e-05,null,4.399913700240265e-05,4.349214343271556e-05,4.322745577652685e-05,null,5.023365287663788e-05,4.98019801980198e-05,4.9556385266092e-05,null],\"type\":\"scatter\"},{\"line\":{\"color\":\"black\",\"width\":1.2},\"mode\":\"lines\",\"x\":[5e-06,6.9801544554455454e-06,null,5e-06,7.256195326349718e-06,null,5e-06,7.620029694323145e-06,null,5e-06,8.120056162246491e-06,null,5e-06,8.846069230769232e-06,null,5e-06,null,null,5e-06,null,null,5e-06,null,null,5e-06,null,null,5e-06,null,null,5e-06,null,null,5e-06,null,null,5e-06,null,null,5e-06,null,null,5e-06,1.1538461538461528e-06,null,5e-06,1.8798751950078007e-06,null,5e-06,2.3799126637554583e-06,null,5e-06,2.7437550362610804e-06,null,5e-06,3.0198019801980196e-06,null,6.083648826079209e-06,6.9801544554455454e-06,6.015923555013364e-06,null,6.240225376674981e-06,7.256195326349718e-06,6.152035176801972e-06,null,6.448758604763429e-06,7.620029694323145e-06,6.3292782138874425e-06,null,6.739479050659831e-06,8.120056162246491e-06,6.568739521732523e-06,null,7.170551108131255e-06,8.846069230769232e-06,6.907464478221628e-06,null,null,null,null,null,null,null,null,null,null,null,null,null,null,null,null,null,null,null,null,null,null,null,null,null,null,null,null,null,null,null,null,null,null,null,null,null,3.0924935566366193e-06,1.1538461538461528e-06,2.8294011386937967e-06,null,3.4312259652387146e-06,1.8798751950078007e-06,3.2604826799591283e-06,null,3.6706925413484687e-06,2.3799126637554583e-06,3.5512095218460513e-06,null,3.847939477866543e-06,2.7437550362610804e-06,3.7597473377664503e-06,null,3.984054094176708e-06,3.0198019801980196e-06,3.91632733312212e-06,null],\"y\":[-5e-05,-4.9801984554455446e-05,null,-4.3750000000000006e-05,-4.349214910556004e-05,null,-3.7500000000000003e-05,-3.715066270742359e-05,null,-3.125e-05,-3.0750791014040566e-05,null,-2.5e-05,-2.4230786153846157e-05,null,-2e-05,null,null,-1.5000000000000002e-05,null,null,-1e-05,null,null,-5e-06,null,null,0.0,null,null,5e-06,null,null,1e-05,null,null,1.5000000000000002e-05,null,null,2e-05,null,null,2.5e-05,2.576923076923077e-05,null,3.125e-05,3.1749219968798754e-05,null,3.7500000000000003e-05,3.7849344978165944e-05,null,4.3750000000000006e-05,4.4007856567284455e-05,null,5e-05,5.01980198019802e-05,null,-5.0233647736274595e-05,-4.9801984554455446e-05,-4.955639502561615e-05,null,-4.39991315213886e-05,-4.349214910556004e-05,-4.3227467272499764e-05,null,-3.7762849011208236e-05,-3.715066270742359e-05,-3.6866746079638325e-05,null,-3.1518903542106455e-05,-3.0750791014040566e-05,-3.0451781486310773e-05,null,-2.5249915016138784e-05,-2.4230786153846157e-05,-2.3934481866590647e-05,null,null,null,null,null,null,null,null,null,null,null,null,null,null,null,null,null,null,null,null,null,null,null,null,null,null,null,null,null,null,null,null,null,null,null,null,null,2.6065541575324014e-05,2.576923076923077e-05,2.4750079485609906e-05,null,3.204823607488288e-05,3.1749219968798754e-05,3.098109054188547e-05,null,3.813326785225444e-05,3.7849344978165944e-05,3.72371452059863e-05,null,4.4272544223473164e-05,4.4007856567284455e-05,4.350086299759736e-05,null,5.0443614733908e-05,5.01980198019802e-05,4.976634712336212e-05,null],\"type\":\"scatter\"},{\"line\":{\"color\":\"black\",\"width\":1.2},\"mode\":\"lines\",\"x\":[1.5000000000000002e-05,1.6834822018348628e-05,null,1.5000000000000002e-05,1.7045243535427322e-05,null,1.5000000000000002e-05,1.72988e-05,null,1.5000000000000002e-05,1.7600723016905075e-05,null,1.5000000000000002e-05,1.7941111764705885e-05,null,1.5000000000000002e-05,null,null,1.5000000000000002e-05,null,null,1.5000000000000002e-05,null,null,1.5000000000000002e-05,null,null,1.5000000000000002e-05,null,null,1.5000000000000002e-05,null,null,1.5000000000000002e-05,null,null,1.5000000000000002e-05,null,null,1.5000000000000002e-05,null,null,1.5000000000000002e-05,1.2058823529411767e-05,null,1.5000000000000002e-05,1.239921976592978e-05,null,1.5000000000000002e-05,1.2701149425287359e-05,null,1.5000000000000002e-05,1.2954711468224983e-05,null,1.5000000000000002e-05,1.3165137614678901e-05,null,1.6066869576253677e-05,1.6834822018348628e-05,1.587860574934587e-05,null,1.6204210175672797e-05,1.7045243535427322e-05,1.5964376637230713e-05,null,1.637596448276409e-05,1.72988e-05,1.606