{
  "nbformat": 4,
  "nbformat_minor": 0,
  "metadata": {
    "colab": {
      "provenance": [],
      "authorship_tag": "ABX9TyOUa2ziAkYkmFyp0ay9Owzg",
      "include_colab_link": true
    },
    "kernelspec": {
      "name": "python3",
      "display_name": "Python 3"
    },
    "language_info": {
      "name": "python"
    }
  },
  "cells": [
    {
      "cell_type": "markdown",
      "metadata": {
        "id": "view-in-github",
        "colab_type": "text"
      },
      "source": [
        "<a href=\"https://colab.research.google.com/github/ghoshatanu857/Instrument_Automation/blob/main/Vector_Magnetometry.ipynb\" target=\"_parent\"><img src=\"https://colab.research.google.com/assets/colab-badge.svg\" alt=\"Open In Colab\"/></a>"
      ]
    },
    {
      "cell_type": "code",
      "source": [
        "import numpy as np\n",
        "from plotly.subplots import make_subplots\n",
        "from plotly import graph_objs as go\n",
        "import plotly.figure_factory as ff"
      ],
      "metadata": {
        "id": "4o2Mwl5B3RAx"
      },
      "execution_count": 1,
      "outputs": []
    },
    {
      "cell_type": "code",
      "source": [
        "fig_template = go.layout.Template()\n",
        "fig_template.layout = {\n",
        "    'template': 'simple_white+presentation',\n",
        "    'autosize': False,\n",
        "    'width': 800,\n",
        "    'height': 600,\n",
        "    # 'opacity': 0.2,\n",
        "    'xaxis': {\n",
        "        'ticks': 'inside',\n",
        "        'mirror': 'ticks',\n",
        "        'linewidth': 1.5+0.5,\n",
        "        'tickwidth': 1.5+0.5,\n",
        "        'ticklen': 6,\n",
        "        'showline': True,\n",
        "        'showgrid': False,\n",
        "        'zerolinecolor': 'white',\n",
        "        },\n",
        "    'yaxis': {\n",
        "        'ticks': 'inside',\n",
        "        'mirror': 'ticks',\n",
        "        'linewidth': 1.5+0.5,\n",
        "        'tickwidth': 1.5+0.5,\n",
        "        'ticklen': 6,\n",
        "        'showline': True,\n",
        "        'showgrid': False,\n",
        "        'zerolinecolor': 'white'\n",
        "        },\n",
        "    'font':{'family':'mathjax',\n",
        "            'size': 22,\n",
        "            }\n",
        "}"
      ],
      "metadata": {
        "id": "M3o8rvblCNv_"
      },
      "execution_count": 2,
      "outputs": []
    },
    {
      "cell_type": "code",
      "source": [
        "def magField(current,distance,xy_points,mu):\n",
        "  if type(xy_points)!=np.ndarray:\n",
        "    field = (mu*current)/(2*np.pi*distance)\n",
        "  else:\n",
        "    field = np.ones((xy_points.shape[1],xy_points.shape[2]))\n",
        "    field_above=[]; field_below=[]; coordinate_below =[]; coordinate_above =[]\n",
        "\n",
        "    for i in range(xy_points.shape[1]):\n",
        "      for j in range(xy_points.shape[2]):\n",
        "        x=xy_points[:,i,j]\n",
        "        if (x[0]==0 and x[1]==0):\n",
        "          field[i,j] = None\n",
        "        else:\n",
        "          if x[1]<0:\n",
        "            mu_below = mu*(1-(2.2e-5))\n",
        "            field[i,j] = (mu_below*current)/(2*np.pi*np.sqrt(x[0]**2+x[1]**2))\n",
        "            field_below.append(field[i,j])\n",
        "            coordinate_below.append(x)\n",
        "          elif x[1]>=0:\n",
        "            field[i,j] = (mu*current)/(2*np.pi*np.sqrt(x[0]**2+x[1]**2))\n",
        "            field_above.append(field[i,j])\n",
        "            coordinate_above.append(x)\n",
        "\n",
        "    print(f' Coordinate Below : {coordinate_below[-xy_points.shape[1]:]}')\n",
        "    print(f' Field Below : {field_below[-xy_points.shape[1]:]}')\n",
        "    print(f' Coordinate Above 0 : {coordinate_above[xy_points.shape[1]-1:2*xy_points.shape[1]-1]}')\n",
        "    print(f' Field Above 0 : {field_above[xy_points.shape[1]:2*xy_points.shape[1]]}')\n",
        "    print(f'\\n Field Comparison for coordinates between (-y and 0) : \\n{np.array(field_below[-xy_points.shape[1]:])<np.array(field_above[0:xy_points.shape[1]])}')\n",
        "    print(f'Field Comparison for coordinates between (-y and y) : \\n{np.array(field_below[-xy_points.shape[1]:])<np.array(field_above[xy_points.shape[1]-1:2*xy_points.shape[1]-1])}')\n",
        "  return field"
      ],
      "metadata": {
        "id": "1nmljLEk8vu6"
      },
      "execution_count": 3,
      "outputs": []
    },
    {
      "cell_type": "code",
      "source": [
        "def circle(circle_points,line_points,mu):\n",
        "\n",
        "  x_array=[]; y_array=[]\n",
        "  for i,(points, _points) in enumerate(zip(line_points,circle_points)):\n",
        "    x_array_points = []; y_array_points = []\n",
        "    array_points = np.array(_points)\n",
        "    below_pi = array_points[np.where((array_points<=np.pi))[0]]\n",
        "    above_pi = array_points[np.where((array_points>np.pi))[0]]\n",
        "    if mu==None:\n",
        "      # print('It is for Coordinate.')\n",
        "      x_array_points.append(np.concatenate((points*np.cos(below_pi),points*np.cos(above_pi))))\n",
        "      y_array_points.append(np.concatenate((points*np.sin(below_pi),points*np.sin(above_pi))))\n",
        "    else:\n",
        "      mu_below = mu*(1-(2.2e-5))\n",
        "      # print('It is for Magnetic field.')\n",
        "      x_array_points.append(np.concatenate((points*np.cos(below_pi),points*(mu_below/mu)*np.cos(above_pi))))\n",
        "      y_array_points.append(np.concatenate((points*np.sin(below_pi),points*(mu_below/mu)*np.sin(above_pi))))\n",
        "\n",
        "      # if ((points*np.sin(below_pi))[0]>(points*(mu_below/mu)*np.sin(above_pi))[-1])==False:\n",
        "      #   print((points*np.sin(below_pi))[0],(points*(mu_below/mu)*np.sin(above_pi))[-1])\n",
        "      print(f' Left Edge : {(points*np.sin(below_pi))[-1]>(points*(mu_below/mu)*np.sin(above_pi))[0]}\\t \\\n",
        "      Right Edge : {(points*np.sin(below_pi))[0]>(points*(mu_below/mu)*np.sin(above_pi))[-1]}')\n",
        "    x_array.append(x_array_points); y_array.append(y_array_points)\n",
        "  return x_array, y_array"
      ],
      "metadata": {
        "id": "kwQCMzkAR0cF"
      },
      "execution_count": 4,
      "outputs": []
    },
    {
      "cell_type": "code",
      "source": [
        "wire_radius = 25e-6; distance = 50e-6; wire_current = 10; mu_freeSpace = 4*np.pi*1e-7\n",
        "linear_density = 10; init_angle = 0; final_angle = 2*np.pi\n",
        "min_circular_density = 10; point_addition = 1\n",
        "\n",
        "linear_points = np.linspace(wire_radius, distance, linear_density); inside_points = np.zeros((1))\n",
        "total_distance = np.concatenate((inside_points,linear_points))\n",
        "\n",
        "circular_points=[]; circular_angles=[]\n",
        "[circular_points.append(int(min_circular_density + circular_density*point_addition)) for circular_density in range(total_distance.shape[0])]\n",
        "circular_points = np.array(circular_points)\n",
        "if np.all(circular_points)==False:\n",
        "  raise Exception('Check the values of circular_points')\n",
        "circular_angles = [np.linspace(init_angle, final_angle, _points, endpoint=False) for _points in circular_points]\n",
        "\n",
        "mag_field = magField(current=wire_current, xy_points=False,distance=linear_points,mu=mu_freeSpace)\n",
        "x_points, y_points = circle(mu=None,circle_points=circular_angles,line_points=total_distance)"
      ],
      "metadata": {
        "id": "6QkYGLXs6DXp"
      },
      "execution_count": 23,
      "outputs": []
    },
    {
      "cell_type": "code",
      "source": [
        "x_linear_point = np.concatenate((-linear_points[::-1],inside_points,linear_points))\n",
        "y_linear_point = x_linear_point"
      ],
      "metadata": {
        "id": "W_mkUFhiHXXR"
      },
      "execution_count": 24,
      "outputs": []
    },
    {
      "cell_type": "code",
      "source": [
        "circular_angles[1]"
      ],
      "metadata": {
        "colab": {
          "base_uri": "https://localhost:8080/"
        },
        "id": "kubzKOu3RMhl",
        "outputId": "00a96296-47bc-4d32-d01c-c19bfdabcac3"
      },
      "execution_count": 61,
      "outputs": [
        {
          "output_type": "execute_result",
          "data": {
            "text/plain": [
              "array([0.        , 0.57119866, 1.14239733, 1.71359599, 2.28479466,\n",
              "       2.85599332, 3.42719199, 3.99839065, 4.56958931, 5.14078798,\n",
              "       5.71198664])"
            ]
          },
          "metadata": {},
          "execution_count": 61
        }
      ]
    },
    {
      "cell_type": "code",
      "source": [
        "x_linear_point>0"
      ],
      "metadata": {
        "colab": {
          "base_uri": "https://localhost:8080/"
        },
        "id": "Ym-aE-_yRpEG",
        "outputId": "26d83fa2-6c33-4116-ef45-442b0d04dd81"
      },
      "execution_count": 57,
      "outputs": [
        {
          "output_type": "execute_result",
          "data": {
            "text/plain": [
              "array([False, False, False, False, False, False, False, False, False,\n",
              "       False, False,  True,  True,  True,  True,  True,  True,  True,\n",
              "        True,  True,  True])"
            ]
          },
          "metadata": {},
          "execution_count": 57
        }
      ]
    },
    {
      "cell_type": "code",
      "source": [
        "def MagField_Circle(current,mu,wire_radius,x,y,circular_angles):\n",
        "  field = np.ones((x.shape[0],y.shape[0]))\n",
        "  x_quiver = []; y_quiver = []; field_x = []; field_y = []\n",
        "  for i in range(x.shape[0]):\n",
        "    for j in range(y.shape[0]):\n",
        "      if x[i]==0 and y[j]==0:\n",
        "        field[i,j] = None\n",
        "      else:\n",
        "        if y[j]<=(-wire_radius):\n",
        "          mu_below = mu*(1-(2.2e-5))\n",
        "          field[i,j] = (mu_below*current)/(2*np.pi*np.sqrt(x[i]**2+y[j]**2))\n",
        "\n",
        "        else:\n",
        "          field[i,j] = (mu*current)/(2*np.pi*np.sqrt(x[i]**2+y[j]**2))\n",
        "\n",
        "  [x_quiver.append(radius * np.cos(circular_angles[i])) for i,radius in enumerate(x[np.where((x>=0))[0]])]\n",
        "  [y_quiver.append(radius * np.sin(circular_angles[i])) for i,radius in enumerate(x[np.where((x>=0))[0]])]\n",
        "\n",
        "  return field,x_quiver,y_quiver"
      ],
      "metadata": {
        "id": "DvC_wq6OG3Ps"
      },
      "execution_count": 73,
      "outputs": []
    },
    {
      "cell_type": "code",
      "source": [
        "mag_field,x_quiver,y_quiver = MagField_Circle(current=wire_current,mu=mu_freeSpace,wire_radius=wire_radius,x=x_linear_point,y=y_linear_point,circular_angles=circular_angles)"
      ],
      "metadata": {
        "id": "zT-bbLHbI1CT"
      },
      "execution_count": 74,
      "outputs": []
    },
    {
      "cell_type": "code",
      "source": [
        "x_quiver[0].shape,x_quiver[1].shape,x_quiver[0]"
      ],
      "metadata": {
        "colab": {
          "base_uri": "https://localhost:8080/"
        },
        "id": "vTCkydeeTv67",
        "outputId": "6d531835-2570-41ea-ee75-578b17c0338a"
      },
      "execution_count": 76,
      "outputs": [
        {
          "output_type": "execute_result",
          "data": {
            "text/plain": [
              "((10,), (11,), array([ 0.,  0.,  0., -0., -0., -0., -0., -0.,  0.,  0.]))"
            ]
          },
          "metadata": {},
          "execution_count": 76
        }
      ]
    },
    {
      "cell_type": "code",
      "source": [
        "fig = go.Figure()\n",
        "fig.add_trace(go.Contour(x=x_linear_point,y=y_linear_point,z=mag_field,contours_coloring='heatmap',\n",
        "                                connectgaps = False,line_smoothing=1,colorbar=dict(title='Magnetic Field',titleside='right'),colorscale=None))\n",
        "fig.update_traces(line_width=0)\n",
        "\n",
        "for radi in range(0,total_distance.shape[0],10):\n",
        "    x = x_quiver[radi]; y = x_quiver[radi]\n",
        "    u = -np.zeros((y.shape[0])); v = np.zeros((x.shape[0]))\n",
        "    fig1 = ff.create_quiver(x, y, u, v, scale=0.0001, arrow_scale=0.5, scaleratio=1.0, angle=np.pi/9, line=dict(width=1.2, color='black'))\n",
        "    fig.add_traces(data=fig1.data)\n",
        "\n",
        "fig.update_layout(template=fig_template, title = None,width=800, height=700)\n",
        "\n",
        "fig.show()"
      ],
      "metadata": {
        "colab": {
          "base_uri": "https://localhost:8080/",
          "height": 717
        },
        "id": "zCvDieAAJNq_",
        "outputId": "037e4615-1f22-40b2-aae4-ac93b86ae0a8"
      },
      "execution_count": 81,
      "outputs": [
        {
          "output_type": "display_data",
          "data": {
            "text/html": [
              "<html>\n",
              "<head><meta charset=\"utf-8\" /></head>\n",
              "<body>\n",
              "    <div>            <script src=\"https://cdnjs.cloudflare.com/ajax/libs/mathjax/2.7.5/MathJax.js?config=TeX-AMS-MML_SVG\"></script><script type=\"text/javascript\">if (window.MathJax && window.MathJax.Hub && window.MathJax.Hub.Config) {window.MathJax.Hub.Config({SVG: {font: \"STIX-Web\"}});}</script>                <script type=\"text/javascript\">window.PlotlyConfig = {MathJaxConfig: 'local'};</script>\n",
              "        <script charset=\"utf-8\" src=\"https://cdn.plot.ly/plotly-2.24.1.min.js\"></script>                <div id=\"aafe2cb6-1c5f-4628-b295-fc74d7091210\" class=\"plotly-graph-div\" style=\"height:700px; width:800px;\"></div>            <script type=\"text/javascript\">                                    window.PLOTLYENV=window.PLOTLYENV || {};                                    if (document.getElementById(\"aafe2cb6-1c5f-4628-b295-fc74d7091210\")) {                    Plotly.newPlot(                        \"aafe2cb6-1c5f-4628-b295-fc74d7091210\",                        [{\"colorbar\":{\"title\":{\"side\":\"right\",\"text\":\"Magnetic Field\"}},\"connectgaps\":false,\"contours\":{\"coloring\":\"heatmap\"},\"line\":{\"smoothing\":1,\"width\":0},\"x\":[-5e-05,-4.722222222222222e-05,-4.4444444444444447e-05,-4.166666666666667e-05,-3.888888888888889e-05,-3.611111111111111e-05,-3.3333333333333335e-05,-3.055555555555556e-05,-2.777777777777778e-05,-2.5e-05,0.0,2.5e-05,2.777777777777778e-05,3.055555555555556e-05,3.3333333333333335e-05,3.611111111111111e-05,3.888888888888889e-05,4.166666666666667e-05,4.4444444444444447e-05,4.722222222222222e-05,5e-05],\"y\":[-5e-05,-4.722222222222222e-05,-4.4444444444444447e-05,-4.166666666666667e-05,-3.888888888888889e-05,-3.611111111111111e-05,-3.3333333333333335e-05,-3.055555555555556e-05,-2.777777777777778e-05,-2.5e-05,0.0,2.5e-05,2.777777777777778e-05,3.055555555555556e-05,3.3333333333333335e-05,3.611111111111111e-05,3.888888888888889e-05,4.166666666666667e-05,4.4444444444444447e-05,4.722222222222222e-05,5e-05],\"z\":[[0.02828364899349446,0.029079886330418456,0.029895715027145945,0.030728175149168983,0.03157339406510176,0.03242645573827425,0.03328127956925473,0.03413052245806474,0.03496552178645852,0.03577630054406855,0.04,0.03577708763999664,0.034966291044861514,0.03413127334607836,0.033282011773513746,0.03242716913599524,0.03157408869505306,0.030728851183895033,0.02989637274734639,0.0290805261019927,0.0282842712474619],[0.029079886330418456,0.02994739305193531,0.03084073294417258,0.03175713990771986,0.03269279660407904,0.03364265041855923,0.034600230634098485,0.035557483197544676,0.03650464599268388,0.037430194151134674,0.042352941176470586,0.03743101763352261,0.03650544911256436,0.035558265479385225,0.03460099185591932,0.03364339057315184,0.03269351586142799,0.031757838580168625,0.030841411455224597,0.02994805190907731,0.0290805261019927],[0.029895715027145945,0.03084073294417258,0.03181910511768127,0.03282845194447173,0.03386520621088174,0.03492436165237183,0.035999208,0.037081070787466586,0.03815908416190799,0.039220036310822964,0.045,0.03922089917060472,0.03815992368022896,0.03708188658897155,0.036,0.03492513000523195,0.0338659512618095,0.03282917418630383,0.031819805153394644,0.030841411455224597,0.02989637274734639],[0.030728175149168983,0.03175713990771986,0.03282845194447173,0.033940378792193346,0.035089880881294444,0.036272277966239816,0.03748087825580268,0.03870658823739824,0.03993753548310567,0.04115875492167257,0.047999999999999994,0.041159660434202126,0.03993841412821649,0.03870743980107386,0.03748170285326546,0.036273075973911245,0.03509065287565771,0.03394112549695428,0.03282917418630383,0.031757838580168625,0.030728851183895033],[0.03157339406510176,0.03269279660407904,0.03386520621088174,0.035089880881294444,0.0363646915630643,0.037685693323002006,0.03904662336274514,0.04043833919068981,0.041848229266476085,0.04325965557171919,0.051428571428571435,0.043260607305079905,0.04184914994777494,0.04043922885372459,0.03904748240735811,0.03768652242649539,0.036365491603879585,0.03509065287565771,0.0338659512618095,0.03269351586142799,0.03157408869505306],[0.03242645573827425,0.03364265041855923,0.03492436165237183,0.036272277966239816,0.037685693323002006,0.039161975529453864,0.04069591083424834,0.04227892564823094,0.04389820899933267,0.04553579649686192,0.05538461538461539,0.04553679830642467,0.04389917478117786,0.04227985580505866,0.040696806163983947,0.03916283711187033,0.03768652242649539,0.036273075973911245,0.03492513000523195,0.03364339057315184,0.03242716913599524],[0.03328127956925473,0.034600230634098485,0.035999208,0.03748087825580268,0.03904662336274514,0.04069591083424834,0.042425473490241686,0.04422827536857942,0.046092262723753476,0.047998943999999995,0.06,0.047999999999999994,0.04609327677584255,0.04422924841204449,0.042426406871192854,0.040696806163983947,0.03904748240735811,0.03748170285326546,0.036,0.03460099185591932,0.033282011773513746],[0.03413052245806474,0.035557483197544676,0.037081070787466586,0.03870658823739824,0.04043833919068981,0.04227892564823094,0.04422827536857942,0.04628233471662728,0.04843137565402881,0.05065790872207016,0.06545454545454545,0.050659023220581016,0.0484324411677345,0.046283352950392195,0.04422924841204449,0.04227985580505866,0.04043922885372459,0.03870743980107386,0.03708188658897155,0.035558265479385225,0.03413127334607836],[0.03496552178645852,0.03650464599268388,0.03815908416190799,0.03993753548310567,0.041848229266476085,0.04389820899933267,0.046092262723753476,0.04843137565402881,0.050910568188290026,0.05351600115186832,0.072,0.053517178529795977,0.05091168824543143,0.0484324411677345,0.04609327677584255,0.04389917478117786,0.04184914994777494,0.03993841412821649,0.03815992368022896,0.03650544911256436,0.034966291044861514],[0.03577630054406855,0.037430194151134674,0.039220036310822964,0.04115875492167257,0.04325965557171919,0.04553579649686192,0.047998943999999995,0.05065790872207016,0.05351600115186832,0.05656729798698892,0.08,0.0565685424949238,0.053517178529795977,0.050659023220581016,0.047999999999999994,0.04553679830642467,0.043260607305079905,0.041159660434202126,0.03922089917060472,0.03743101763352261,0.03577708763999664],[0.03999912,0.0423520094117647,0.04499901,0.047998943999999995,0.051427440000000005,0.05538339692307693,0.05999868,0.06545310545454544,0.071998416,0.07999824,null,0.08,0.072,0.06545454545454545,0.06,0.05538461538461539,0.051428571428571435,0.047999999999999994,0.045,0.042352941176470586,0.04],[0.03577630054406855,0.037430194151134674,0.039220036310822964,0.04115875492167257,0.04325965557171919,0.04553579649686192,0.047998943999999995,0.05065790872207016,0.05351600115186832,0.05656729798698892,0.08,0.0565685424949238,0.053517178529795977,0.050659023220581016,0.047999999999999994,0.04553679830642467,0.043260607305079905,0.041159660434202126,0.03922089917060472,0.03743101763352261,0.03577708763999664],[0.03496552178645852,0.03650464599268388,0.03815908416190799,0.03993753548310567,0.041848229266476085,0.04389820899933267,0.046092262723753476,0.04843137565402881,0.050910568188290026,0.05351600115186832,0.072,0.053517178529795977,0.05091168824543143,0.0484324411677345,0.04609327677584255,0.04389917478117786,0.04184914994777494,0.03993841412821649,0.03815992368022896,0.03650544911256436,0.034966291044861514],[0.03413052245806474,0.035557483197544676,0.037081070787466586,0.03870658823739824,0.04043833919068981,0.04227892564823094,0.04422827536857942,0.04628233471662728,0.04843137565402881,0.05065790872207016,0.06545454545454545,0.050659023220581016,0.0484324411677345,0.046283352950392195,0.04422924841204449,0.04227985580505866,0.04043922885372459,0.03870743980107386,0.03708188658897155,0.035558265479385225,0.03413127334607836],[0.03328127956925473,0.034600230634098485,0.035999208,0.03748087825580268,0.03904662336274514,0.04069591083424834,0.042425473490241686,0.04422827536857942,0.046092262723753476,0.047998943999999995,0.06,0.047999999999999994,0.04609327677584255,0.04422924841204449,0.042426406871192854,0.040696806163983947,0.03904748240735811,0.03748170285326546,0.036,0.03460099185591932,0.033282011773513746],[0.03242645573827425,0.03364265041855923,0.03492436165237183,0.036272277966239816,0.037685693323002006,0.039161975529453864,0.04069591083424834,0.04227892564823094,0.04389820899933267,0.04553579649686192,0.05538461538461539,0.04553679830642467,0.04389917478117786,0.04227985580505866,0.040696806163983947,0.03916283711187033,0.03768652242649539,0.036273075973911245,0.03492513000523195,0.03364339057315184,0.03242716913599524],[0.03157339406510176,0.03269279660407904,0.03386520621088174,0.035089880881294444,0.0363646915630643,0.037685693323002006,0.03904662336274514,0.04043833919068981,0.041848229266476085,0.04325965557171919,0.051428571428571435,0.043260607305079905,0.04184914994777494,0.04043922885372459,0.03904748240735811,0.03768652242649539,0.036365491603879585,0.03509065287565771,0.0338659512618095,0.03269351586142799,0.03157408869505306],[0.030728175149168983,0.03175713990771986,0.03282845194447173,0.033940378792193346,0.035089880881294444,0.036272277966239816,0.03748087825580268,0.03870658823739824,0.03993753548310567,0.04115875492167257,0.047999999999999994,0.041159660434202126,0.03993841412821649,0.03870743980107386,0.03748170285326546,0.036273075973911245,0.03509065287565771,0.03394112549695428,0.03282917418630383,0.031757838580168625,0.030728851183895033],[0.029895715027145945,0.03084073294417258,0.03181910511768127,0.03282845194447173,0.03386520621088174,0.03492436165237183,0.035999208,0.037081070787466586,0.03815908416190799,0.039220036310822964,0.045,0.03922089917060472,0.03815992368022896,0.03708188658897155,0.036,0.03492513000523195,0.0338659512618095,0.03282917418630383,0.031819805153394644,0.030841411455224597,0.02989637274734639],[0.029079886330418456,0.02994739305193531,0.03084073294417258,0.03175713990771986,0.03269279660407904,0.03364265041855923,0.034600230634098485,0.035557483197544676,0.03650464599268388,0.037430194151134674,0.042352941176470586,0.03743101763352261,0.03650544911256436,0.035558265479385225,0.03460099185591932,0.03364339057315184,0.03269351586142799,0.031757838580168625,0.030841411455224597,0.02994805190907731,0.0290805261019927],[0.02828364899349446,0.029079886330418456,0.029895715027145945,0.030728175149168983,0.03157339406510176,0.03242645573827425,0.03328127956925473,0.03413052245806474,0.03496552178645852,0.03577630054406855,0.04,0.03577708763999664,0.034966291044861514,0.03413127334607836,0.033282011773513746,0.03242716913599524,0.03157408869505306,0.030728851183895033,0.02989637274734639,0.0290805261019927,0.0282842712474619]],\"type\":\"contour\"},{\"line\":{\"color\":\"black\",\"width\":1.2},\"mode\":\"lines\",\"x\":[0.0,0.0,null,0.0,0.0,null,0.0,0.0,null,-0.0,-0.0,null,-0.0,-0.0,null,-0.0,-0.0,null,-0.0,-0.0,null,-0.0,-0.0,null,0.0,0.0,null,0.0,0.0,null,0.0,0.0,0.0,null,0.0,0.0,0.0,null,0.0,0.0,0.0,null,-0.0,-0.0,-0.0,null,-0.0,-0.0,-0.0,null,-0.0,-0.0,-0.0,null,-0.0,-0.0,-0.0,null,-0.0,-0.0,-0.0,null,0.0,0.0,0.0,null,0.0,0.0,0.0,null],\"y\":[0.0,0.0,null,0.0,0.0,null,0.0,0.0,null,-0.0,0.0,null,-0.0,0.0,null,-0.0,0.0,null,-0.0,0.0,null,-0.0,0.0,null,0.0,0.0,null,0.0,0.0,null,0.0,0.0,0.0,null,0.0,0.0,0.0,null,0.0,0.0,0.0,null,0.0,0.0,0.0,null,0.0,0.0,0.0,null,0.0,0.0,0.0,null,0.0,0.0,0.0,null,0.0,0.0,0.0,null,0.0,0.0,0.0,null,0.0,0.0,0.0,null],\"type\":\"scatter\"},{\"line\":{\"color\":\"black\",\"width\":1.2},\"mode\":\"lines\",\"x\":[5e-05,5e-05,null,4.7552825814757677e-05,4.7552825814757677e-05,null,4.045084971874738e-05,4.045084971874738e-05,null,2.9389262614623657e-05,2.9389262614623657e-05,null,1.5450849718747373e-05,1.5450849718747373e-05,null,3.061616997868383e-21,3.061616997868383e-21,null,-1.5450849718747366e-05,-1.5450849718747366e-05,null,-2.9389262614623654e-05,-2.9389262614623654e-05,null,-4.045084971874737e-05,-4.045084971874737e-05,null,-4.7552825814757677e-05,-4.7552825814757677e-05,null,-5e-05,-5e-05,null,-4.755282581475768e-05,-4.755282581475768e-05,null,-4.045084971874738e-05,-4.045084971874738e-05,null,-2.9389262614623664e-05,-2.9389262614623664e-05,null,-1.545084971874738e-05,-1.545084971874738e-05,null,-9.18485099360515e-21,-9.18485099360515e-21,null,1.5450849718747363e-05,1.5450849718747363e-05,null,2.9389262614623647e-05,2.9389262614623647e-05,null,4.045084971874737e-05,4.045084971874737e-05,null,4.7552825814757677e-05,4.7552825814757677e-05,null,5e-05,5e-05,5e-05,null,4.7552825814757677e-05,4.7552825814757677e-05,4.7552825814757677e-05,null,4.045084971874738e-05,4.045084971874738e-05,4.045084971874738e-05,null,2.9389262614623657e-05,2.9389262614623657e-05,2.9389262614623657e-05,null,1.5450849718747373e-05,1.5450849718747373e-05,1.5450849718747373e-05,null,3.061616997868383e-21,3.061616997868383e-21,3.061616997868383e-21,null,-1.5450849718747366e-05,-1.5450849718747366e-05,-1.5450849718747366e-05,null,-2.9389262614623654e-05,-2.9389262614623654e-05,-2.9389262614623654e-05,null,-4.045084971874737e-05,-4.045084971874737e-05,-4.045084971874737e-05,null,-4.7552825814757677e-05,-4.7552825814757677e-05,-4.7552825814757677e-05,null,-5e-05,-5e-05,-5e-05,null,-4.755282581475768e-05,-4.755282581475768e-05,-4.755282581475768e-05,null,-4.045084971874738e-05,-4.045084971874738e-05,-4.045084971874738e-05,null,-2.9389262614623664e-05,-2.9389262614623664e-05,-2.9389262614623664e-05,null,-1.545084971874738e-05,-1.545084971874738e-05,-1.545084971874738e-05,null,-9.18485099360515e-21,-9.18485099360515e-21,-9.18485099360515e-21,null,1.5450849718747363e-05,1.5450849718747363e-05,1.5450849718747363e-05,null,2.9389262614623647e-05,2.9389262614623647e-05,2.9389262614623647e-05,null,4.045084971874737e-05,4.045084971874737e-05,4.045084971874737e-05,null,4.7552825814757677e-05,4.7552825814757677e-05,4.7552825814757677e-05,null],\"y\":[5e-05,5e-05,null,4.7552825814757677e-05,4.7552825814757677e-05,null,4.045084971874738e-05,4.045084971874738e-05,null,2.9389262614623657e-05,2.9389262614623657e-05,null,1.5450849718747373e-05,1.5450849718747373e-05,null,3.061616997868383e-21,3.061616997868383e-21,null,-1.5450849718747366e-05,-1.5450849718747366e-05,null,-2.9389262614623654e-05,-2.9389262614623654e-05,null,-4.045084971874737e-05,-4.045084971874737e-05,null,-4.7552825814757677e-05,-4.7552825814757677e-05,null,-5e-05,-5e-05,null,-4.755282581475768e-05,-4.755282581475768e-05,null,-4.045084971874738e-05,-4.045084971874738e-05,null,-2.9389262614623664e-05,-2.9389262614623664e-05,null,-1.545084971874738e-05,-1.545084971874738e-05,null,-9.18485099360515e-21,-9.18485099360515e-21,null,1.5450849718747363e-05,1.5450849718747363e-05,null,2.9389262614623647e-05,2.9389262614623647e-05,null,4.045084971874737e-05,4.045084971874737e-05,null,4.7552825814757677e-05,4.7552825814757677e-05,null,5e-05,5e-05,5e-05,null,4.7552825814757677e-05,4.7552825814757677e-05,4.7552825814757677e-05,null,4.045084971874738e-05,4.045084971874738e-05,4.045084971874738e-05,null,2.9389262614623657e-05,2.9389262614623657e-05,2.9389262614623657e-05,null,1.5450849718747373e-05,1.5450849718747373e-05,1.5450849718747373e-05,null,3.061616997868383e-21,3.061616997868383e-21,3.061616997868383e-21,null,-1.5450849718747366e-05,-1.5450849718747366e-05,-1.5450849718747366e-05,null,-2.9389262614623654e-05,-2.9389262614623654e-05,-2.9389262614623654e-05,null,-4.045084971874737e-05,-4.045084971874737e-05,-4.045084971874737e-05,null,-4.7552825814757677e-05,-4.7552825814757677e-05,-4.7552825814757677e-05,null,-5e-05,-5e-05,-5e-05,null,-4.755282581475768e-05,-4.755282581475768e-05,-4.755282581475768e-05,null,-4.045084971874738e-05,-4.045084971874738e-05,-4.045084971874738e-05,null,-2.9389262614623664e-05,-2.9389262614623664e-05,-2.9389262614623664e-05,null,-1.545084971874738e-05,-1.545084971874738e-05,-1.545084971874738e-05,null,-9.18485099360515e-21,-9.18485099360515e-21,-9.18485099360515e-21,null,1.5450849718747363e-05,1.5450849718747363e-05,1.5450849718747363e-05,null,2.9389262614623647e-05,2.9389262614623647e-05,2.9389262614623647e-05,null,4.045084971874737e-05,4.045084971874737e-05,4.045084971874737e-05,null,4.7552825814757677e-05,4.7552825814757677e-05,4.7552825814757677e-05,null],\"type\":\"scatter\"}],                        {\"template\":{\"layout\":{\"autosize\":false,\"font\":{\"family\":\"mathjax\",\"size\":22},\"height\":600,\"template\":{\"data\":{\"barpolar\":[{\"marker\":{\"line\":{\"color\":\"white\",\"width\":0.5},\"pattern\":{\"fillmode\":\"overlay\",\"size\":10,\"solidity\":0.2}},\"type\":\"barpolar\"}],\"bar\":[{\"error_x\":{\"color\":\"rgb(36,36,36)\"},\"error_y\":{\"color\":\"rgb(36,36,36)\"},\"marker\":{\"line\":{\"color\":\"white\",\"width\":0.5},\"pattern\":{\"fillmode\":\"overlay\",\"size\":10,\"solidity\":0.2}},\"type\":\"bar\"}],\"carpet\":[{\"aaxis\":{\"endlinecolor\":\"rgb(36,36,36)\",\"gridcolor\":\"white\",\"linecolor\":\"white\",\"minorgridcolor\":\"white\",\"startlinecolor\":\"rgb(36,36,36)\"},\"baxis\":{\"endlinecolor\":\"rgb(36,36,36)\",\"gridcolor\":\"white\",\"linecolor\":\"white\",\"minorgridcolor\":\"white\",\"startlinecolor\":\"rgb(36,36,36)\"},\"type\":\"carpet\"}],\"choropleth\":[{\"colorbar\":{\"outlinewidth\":1,\"tickcolor\":\"rgb(36,36,36)\",\"ticks\":\"outside\"},\"type\":\"choropleth\"}],\"contourcarpet\":[{\"colorbar\":{\"outlinewidth\":1,\"tickcolor\":\"rgb(36,36,36)\",\"ticks\":\"outside\"},\"type\":\"contourcarpet\"}],\"contour\":[{\"colorbar\":{\"outlinewidth\":1,\"tickcolor\":\"rgb(36,36,36)\",\"ticks\":\"outside\"},\"colorscale\":[[0.0,\"#440154\"],[0.1111111111111111,\"#482878\"],[0.2222222222222222,\"#3e4989\"],[0.3333333333333333,\"#31688e\"],[0.4444444444444444,\"#26828e\"],[0.5555555555555556,\"#1f9e89\"],[0.6666666666666666,\"#35b779\"],[0.7777777777777778,\"#6ece58\"],[0.8888888888888888,\"#b5de2b\"],[1.0,\"#fde725\"]],\"type\":\"contour\"}],\"heatmapgl\":[{\"colorbar\":{\"outlinewidth\":1,\"tickcolor\":\"rgb(36,36,36)\",\"ticks\":\"outside\"},\"colorscale\":[[0.0,\"#440154\"],[0.1111111111111111,\"#482878\"],[0.2222222222222222,\"#3e4989\"],[0.3333333333333333,\"#31688e\"],[0.4444444444444444,\"#26828e\"],[0.5555555555555556,\"#1f9e89\"],[0.6666666666666666,\"#35b779\"],[0.7777777777777778,\"#6ece58\"],[0.8888888888888888,\"#b5de2b\"],[1.0,\"#fde725\"]],\"type\":\"heatmapgl\"}],\"heatmap\":[{\"colorbar\":{\"outlinewidth\":1,\"tickcolor\":\"rgb(36,36,36)\",\"ticks\":\"outside\"},\"colorscale\":[[0.0,\"#440154\"],[0.1111111111111111,\"#482878\"],[0.2222222222222222,\"#3e4989\"],[0.3333333333333333,\"#31688e\"],[0.4444444444444444,\"#26828e\"],[0.5555555555555556,\"#1f9e89\"],[0.6666666666666666,\"#35b779\"],[0.7777777777777778,\"#6ece58\"],[0.8888888888888888,\"#b5de2b\"],[1.0,\"#fde725\"]],\"type\":\"heatmap\"}],\"histogram2dcontour\":[{\"colorbar\":{\"outlinewidth\":1,\"tickcolor\":\"rgb(36,36,36)\",\"ticks\":\"outside\"},\"colorscale\":[[0.0,\"#440154\"],[0.1111111111111111,\"#482878\"],[0.2222222222222222,\"#3e4989\"],[0.3333333333333333,\"#31688e\"],[0.4444444444444444,\"#26828e\"],[0.5555555555555556,\"#1f9e89\"],[0.6666666666666666,\"#35b779\"],[0.7777777777777778,\"#6ece58\"],[0.8888888888888888,\"#b5de2b\"],[1.0,\"#fde725\"]],\"type\":\"histogram2dcontour\"}],\"histogram2d\":[{\"colorbar\":{\"outlinewidth\":1,\"tickcolor\":\"rgb(36,36,36)\",\"ticks\":\"outside\"},\"colorscale\":[[0.0,\"#440154\"],[0.1111111111111111,\"#482878\"],[0.2222222222222222,\"#3e4989\"],[0.3333333333333333,\"#31688e\"],[0.4444444444444444,\"#26828e\"],[0.5555555555555556,\"#1f9e89\"],[0.6666666666666666,\"#35b779\"],[0.7777777777777778,\"#6ece58\"],[0.8888888888888888,\"#b5de2b\"],[1.0,\"#fde725\"]],\"type\":\"histogram2d\"}],\"histogram\":[{\"marker\":{\"line\":{\"color\":\"white\",\"width\":0.6}},\"type\":\"histogram\"}],\"mesh3d\":[{\"colorbar\":{\"outlinewidth\":1,\"tickcolor\":\"rgb(36,36,36)\",\"ticks\":\"outside\"},\"type\":\"mesh3d\"}],\"parcoords\":[{\"line\":{\"colorbar\":{\"outlinewidth\":1,\"tickcolor\":\"rgb(36,36,36)\",\"ticks\":\"outside\"}},\"type\":\"parcoords\"}],\"pie\":[{\"automargin\":true,\"type\":\"pie\"}],\"scatter3d\":[{\"line\":{\"colorbar\":{\"outlinewidth\":1,\"tickcolor\":\"rgb(36,36,36)\",\"ticks\":\"outside\"},\"width\":3},\"marker\":{\"colorbar\":{\"outlinewidth\":1,\"tickcolor\":\"rgb(36,36,36)\",\"ticks\":\"outside\"},\"size\":9},\"type\":\"scatter3d\"}],\"scattercarpet\":[{\"marker\":{\"colorbar\":{\"outlinewidth\":1,\"tickcolor\":\"rgb(36,36,36)\",\"ticks\":\"outside\"}},\"type\":\"scattercarpet\"}],\"scattergeo\":[{\"line\":{\"width\":3},\"marker\":{\"colorbar\":{\"outlinewidth\":1,\"tickcolor\":\"rgb(36,36,36)\",\"ticks\":\"outside\"},\"size\":9},\"type\":\"scattergeo\"}],\"scattergl\":[{\"line\":{\"width\":3},\"marker\":{\"colorbar\":{\"outlinewidth\":1,\"tickcolor\":\"rgb(36,36,36)\",\"ticks\":\"outside\"},\"size\":9},\"type\":\"scattergl\"}],\"scattermapbox\":[{\"marker\":{\"colorbar\":{\"outlinewidth\":1,\"tickcolor\":\"rgb(36,36,36)\",\"ticks\":\"outside\"}},\"type\":\"scattermapbox\"}],\"scatterpolargl\":[{\"line\":{\"width\":3},\"marker\":{\"colorbar\":{\"outlinewidth\":1,\"tickcolor\":\"rgb(36,36,36)\",\"ticks\":\"outside\"},\"size\":9},\"type\":\"scatterpolargl\"}],\"scatterpolar\":[{\"line\":{\"width\":3},\"marker\":{\"colorbar\":{\"outlinewidth\":1,\"tickcolor\":\"rgb(36,36,36)\",\"ticks\":\"outside\"},\"size\":9},\"type\":\"scatterpolar\"}],\"scatter\":[{\"fillpattern\":{\"fillmode\":\"overlay\",\"size\":10,\"solidity\":0.2},\"line\":{\"width\":3},\"marker\":{\"size\":9},\"type\":\"scatter\"}],\"scatterternary\":[{\"line\":{\"width\":3},\"marker\":{\"colorbar\":{\"outlinewidth\":1,\"tickcolor\":\"rgb(36,36,36)\",\"ticks\":\"outside\"},\"size\":9},\"type\":\"scatterternary\"}],\"surface\":[{\"colorbar\":{\"outlinewidth\":1,\"tickcolor\":\"rgb(36,36,36)\",\"ticks\":\"outside\"},\"colorscale\":[[0.0,\"#440154\"],[0.1111111111111111,\"#482878\"],[0.2222222222222222,\"#3e4989\"],[0.3333333333333333,\"#31688e\"],[0.4444444444444444,\"#26828e\"],[0.5555555555555556,\"#1f9e89\"],[0.6666666666666666,\"#35b779\"],[0.7777777777777778,\"#6ece58\"],[0.8888888888888888,\"#b5de2b\"],[1.0,\"#fde725\"]],\"type\":\"surface\"}],\"table\":[{\"cells\":{\"fill\":{\"color\":\"rgb(237,237,237)\"},\"height\":30,\"line\":{\"color\":\"white\"}},\"header\":{\"fill\":{\"color\":\"rgb(217,217,217)\"},\"height\":36,\"line\":{\"color\":\"white\"}},\"type\":\"table\"}]},\"layout\":{\"annotationdefaults\":{\"arrowhead\":0,\"arrowwidth\":1},\"autotypenumbers\":\"strict\",\"coloraxis\":{\"colorbar\":{\"outlinewidth\":1,\"tickcolor\":\"rgb(36,36,36)\",\"ticks\":\"outside\"}},\"colorscale\":{\"diverging\":[[0.0,\"rgb(103,0,31)\"],[0.1,\"rgb(178,24,43)\"],[0.2,\"rgb(214,96,77)\"],[0.3,\"rgb(244,165,130)\"],[0.4,\"rgb(253,219,199)\"],[0.5,\"rgb(247,247,247)\"],[0.6,\"rgb(209,229,240)\"],[0.7,\"rgb(146,197,222)\"],[0.8,\"rgb(67,147,195)\"],[0.9,\"rgb(33,102,172)\"],[1.0,\"rgb(5,48,97)\"]],\"sequential\":[[0.0,\"#440154\"],[0.1111111111111111,\"#482878\"],[0.2222222222222222,\"#3e4989\"],[0.3333333333333333,\"#31688e\"],[0.4444444444444444,\"#26828e\"],[0.5555555555555556,\"#1f9e89\"],[0.6666666666666666,\"#35b779\"],[0.7777777777777778,\"#6ece58\"],[0.8888888888888888,\"#b5de2b\"],[1.0,\"#fde725\"]],\"sequentialminus\":[[0.0,\"#440154\"],[0.1111111111111111,\"#482878\"],[0.2222222222222222,\"#3e4989\"],[0.3333333333333333,\"#31688e\"],[0.4444444444444444,\"#26828e\"],[0.5555555555555556,\"#1f9e89\"],[0.6666666666666666,\"#35b779\"],[0.7777777777777778,\"#6ece58\"],[0.8888888888888888,\"#b5de2b\"],[1.0,\"#fde725\"]]},\"colorway\":[\"#1F77B4\",\"#FF7F0E\",\"#2CA02C\",\"#D62728\",\"#9467BD\",\"#8C564B\",\"#E377C2\",\"#7F7F7F\",\"#BCBD22\",\"#17BECF\"],\"font\":{\"color\":\"rgb(36,36,36)\",\"size\":18},\"geo\":{\"bgcolor\":\"white\",\"lakecolor\":\"white\",\"landcolor\":\"white\",\"showlakes\":true,\"showland\":true,\"subunitcolor\":\"white\"},\"hoverlabel\":{\"align\":\"left\"},\"hovermode\":\"closest\",\"mapbox\":{\"style\":\"light\"},\"paper_bgcolor\":\"white\",\"plot_bgcolor\":\"white\",\"polar\":{\"angularaxis\":{\"gridcolor\":\"rgb(232,232,232)\",\"linecolor\":\"rgb(36,36,36)\",\"showgrid\":false,\"showline\":true,\"ticks\":\"outside\"},\"bgcolor\":\"white\",\"radialaxis\":{\"gridcolor\":\"rgb(232,232,232)\",\"linecolor\":\"rgb(36,36,36)\",\"showgrid\":false,\"showline\":true,\"ticks\":\"outside\"}},\"scene\":{\"xaxis\":{\"backgroundcolor\":\"white\",\"gridcolor\":\"rgb(232,232,232)\",\"gridwidth\":2,\"linecolor\":\"rgb(36,36,36)\",\"showbackground\":true,\"showgrid\":false,\"showline\":true,\"ticks\":\"outside\",\"zeroline\":false,\"zerolinecolor\":\"rgb(36,36,36)\"},\"yaxis\":{\"backgroundcolor\":\"white\",\"gridcolor\":\"rgb(232,232,232)\",\"gridwidth\":2,\"linecolor\":\"rgb(36,36,36)\",\"showbackground\":true,\"showgrid\":false,\"showline\":true,\"ticks\":\"outside\",\"zeroline\":false,\"zerolinecolor\":\"rgb(36,36,36)\"},\"zaxis\":{\"backgroundcolor\":\"white\",\"gridcolor\":\"rgb(232,232,232)\",\"gridwidth\":2,\"linecolor\":\"rgb(36,36,36)\",\"showbackground\":true,\"showgrid\":false,\"showline\":true,\"ticks\":\"outside\",\"zeroline\":false,\"zerolinecolor\":\"rgb(36,36,36)\"}},\"shapedefaults\":{\"fillcolor\":\"black\",\"line\":{\"width\":0},\"opacity\":0.3},\"ternary\":{\"aaxis\":{\"gridcolor\":\"rgb(232,232,232)\",\"linecolor\":\"rgb(36,36,36)\",\"showgrid\":false,\"showline\":true,\"ticks\":\"outside\"},\"baxis\":{\"gridcolor\":\"rgb(232,232,232)\",\"linecolor\":\"rgb(36,36,36)\",\"showgrid\":false,\"showline\":true,\"ticks\":\"outside\"},\"bgcolor\":\"white\",\"caxis\":{\"gridcolor\":\"rgb(232,232,232)\",\"linecolor\":\"rgb(36,36,36)\",\"showgrid\":false,\"showline\":true,\"ticks\":\"outside\"}},\"title\":{\"x\":0.05},\"xaxis\":{\"automargin\":true,\"gridcolor\":\"rgb(232,232,232)\",\"linecolor\":\"rgb(36,36,36)\",\"showgrid\":false,\"showline\":true,\"ticks\":\"outside\",\"title\":{\"standoff\":15},\"zeroline\":false,\"zerolinecolor\":\"rgb(36,36,36)\"},\"yaxis\":{\"automargin\":true,\"gridcolor\":\"rgb(232,232,232)\",\"linecolor\":\"rgb(36,36,36)\",\"showgrid\":false,\"showline\":true,\"ticks\":\"outside\",\"title\":{\"standoff\":15},\"zeroline\":false,\"zerolinecolor\":\"rgb(36,36,36)\"}}},\"width\":800,\"xaxis\":{\"linewidth\":2.0,\"mirror\":\"ticks\",\"showgrid\":false,\"showline\":true,\"ticklen\":6,\"ticks\":\"inside\",\"tickwidth\":2.0,\"zerolinecolor\":\"white\"},\"yaxis\":{\"linewidth\":2.0,\"mirror\":\"ticks\",\"showgrid\":false,\"showline\":true,\"ticklen\":6,\"ticks\":\"inside\",\"tickwidth\":2.0,\"zerolinecolor\":\"white\"}}},\"title\":{},\"width\":800,\"height\":700},                        {\"responsive\": true}                    ).then(function(){\n",
              "                            \n",
              "var gd = document.getElementById('aafe2cb6-1c5f-4628-b295-fc74d7091210');\n",
