{
  "nbformat": 4,
  "nbformat_minor": 0,
  "metadata": {
    "colab": {
      "provenance": [],
      "authorship_tag": "ABX9TyO7v/K53RHi72lyxe7fURm1",
      "include_colab_link": true
    },
    "kernelspec": {
      "name": "python3",
      "display_name": "Python 3"
    },
    "language_info": {
      "name": "python"
    }
  },
  "cells": [
    {
      "cell_type": "markdown",
      "metadata": {
        "id": "view-in-github",
        "colab_type": "text"
      },
      "source": [
        "<a href=\"https://colab.research.google.com/github/ghoshatanu857/Instrument_Automation/blob/main/Vector_Magnetometry.ipynb\" target=\"_parent\"><img src=\"https://colab.research.google.com/assets/colab-badge.svg\" alt=\"Open In Colab\"/></a>"
      ]
    },
    {
      "cell_type": "code",
      "source": [
        "import numpy as np\n",
        "from plotly.subplots import make_subplots\n",
        "from plotly import graph_objs as go\n",
        "import plotly.figure_factory as ff"
      ],
      "metadata": {
        "id": "4o2Mwl5B3RAx"
      },
      "execution_count": 82,
      "outputs": []
    },
    {
      "cell_type": "code",
      "source": [
        "fig_template = go.layout.Template()\n",
        "fig_template.layout = {\n",
        "    'template': 'simple_white+presentation',\n",
        "    'autosize': False,\n",
        "    'width': 800,\n",
        "    'height': 600,\n",
        "    # 'opacity': 0.2,\n",
        "    'xaxis': {\n",
        "        'ticks': 'inside',\n",
        "        'mirror': 'ticks',\n",
        "        'linewidth': 1.5+0.5,\n",
        "        'tickwidth': 1.5+0.5,\n",
        "        'ticklen': 6,\n",
        "        'showline': True,\n",
        "        'showgrid': False,\n",
        "        'zerolinecolor': 'white',\n",
        "        },\n",
        "    'yaxis': {\n",
        "        'ticks': 'inside',\n",
        "        'mirror': 'ticks',\n",
        "        'linewidth': 1.5+0.5,\n",
        "        'tickwidth': 1.5+0.5,\n",
        "        'ticklen': 6,\n",
        "        'showline': True,\n",
        "        'showgrid': False,\n",
        "        'zerolinecolor': 'white'\n",
        "        },\n",
        "    'font':{'family':'mathjax',\n",
        "            'size': 22,\n",
        "            }\n",
        "}"
      ],
      "metadata": {
        "id": "M3o8rvblCNv_"
      },
      "execution_count": 83,
      "outputs": []
    },
    {
      "cell_type": "code",
      "source": [
        "def magField(current,distance,xy_points,mu):\n",
        "  if type(xy_points)!=np.ndarray:\n",
        "    field = (mu*current)/(2*np.pi*distance)\n",
        "  else:\n",
        "    field = np.ones((xy_points.shape[1],xy_points.shape[2]))\n",
        "    field_above=[]; field_below=[]; coordinate_below =[]; coordinate_above =[]\n",
        "\n",
        "    for i in range(xy_points.shape[1]):\n",
        "      for j in range(xy_points.shape[2]):\n",
        "        x=xy_points[:,i,j]\n",
        "        if (x[0]==0 and x[1]==0):\n",
        "          field[i,j] = None\n",
        "        else:\n",
        "          if x[1]<0:\n",
        "            mu_below = mu*(1-(2.2e-5))\n",
        "            field[i,j] = (mu_below*current)/(2*np.pi*np.sqrt(x[0]**2+x[1]**2))\n",
        "            field_below.append(field[i,j])\n",
        "            coordinate_below.append(x)\n",
        "          elif x[1]>=0:\n",
        "            field[i,j] = (mu*current)/(2*np.pi*np.sqrt(x[0]**2+x[1]**2))\n",
        "            field_above.append(field[i,j])\n",
        "            coordinate_above.append(x)\n",
        "\n",
        "    print(f' Coordinate Below : {coordinate_below[-xy_points.shape[1]:]}')\n",
        "    print(f' Field Below : {field_below[-xy_points.shape[1]:]}')\n",
        "    print(f' Coordinate Above 0 : {coordinate_above[xy_points.shape[1]-1:2*xy_points.shape[1]-1]}')\n",
        "    print(f' Field Above 0 : {field_above[xy_points.shape[1]:2*xy_points.shape[1]]}')\n",
        "    print(f'\\n Field Comparison for coordinates between (-y and 0) : \\n{np.array(field_below[-xy_points.shape[1]:])<np.array(field_above[0:xy_points.shape[1]])}')\n",
        "    print(f'Field Comparison for coordinates between (-y and y) : \\n{np.array(field_below[-xy_points.shape[1]:])<np.array(field_above[xy_points.shape[1]-1:2*xy_points.shape[1]-1])}')\n",
        "  return field"
      ],
      "metadata": {
        "id": "1nmljLEk8vu6"
      },
      "execution_count": 84,
      "outputs": []
    },
    {
      "cell_type": "code",
      "source": [
        "def circle(circle_points,line_points,mu):\n",
        "\n",
        "  x_array=[]; y_array=[]\n",
        "  for i,(points, _points) in enumerate(zip(line_points,circle_points)):\n",
        "    x_array_points = []; y_array_points = []\n",
        "    array_points = np.array(_points)\n",
        "    below_pi = array_points[np.where((array_points<=np.pi))[0]]\n",
        "    above_pi = array_points[np.where((array_points>np.pi))[0]]\n",
        "    if mu==None:\n",
        "      # print('It is for Coordinate.')\n",
        "      x_array_points.append(np.concatenate((points*np.cos(below_pi),points*np.cos(above_pi))))\n",
        "      y_array_points.append(np.concatenate((points*np.sin(below_pi),points*np.sin(above_pi))))\n",
        "    else:\n",
        "      mu_below = mu*(1-(2.2e-5))\n",
        "      # print('It is for Magnetic field.')\n",
        "      x_array_points.append(np.concatenate((points*np.cos(below_pi),points*(mu_below/mu)*np.cos(above_pi))))\n",
        "      y_array_points.append(np.concatenate((points*np.sin(below_pi),points*(mu_below/mu)*np.sin(above_pi))))\n",
        "\n",
        "      # if ((points*np.sin(below_pi))[0]>(points*(mu_below/mu)*np.sin(above_pi))[-1])==False:\n",
        "      #   print((points*np.sin(below_pi))[0],(points*(mu_below/mu)*np.sin(above_pi))[-1])\n",
        "      print(f' Left Edge : {(points*np.sin(below_pi))[-1]>(points*(mu_below/mu)*np.sin(above_pi))[0]}\\t \\\n",
        "      Right Edge : {(points*np.sin(below_pi))[0]>(points*(mu_below/mu)*np.sin(above_pi))[-1]}')\n",
        "    x_array.append(x_array_points); y_array.append(y_array_points)\n",
        "  return x_array, y_array"
      ],
      "metadata": {
        "id": "kwQCMzkAR0cF"
      },
      "execution_count": 85,
      "outputs": []
    },
    {
      "cell_type": "code",
      "source": [
        "wire_radius = 25e-6; distance = 50e-6; wire_current = 10; mu_freeSpace = 4*np.pi*1e-7\n",
        "linear_density = 10; init_angle = 0; final_angle = 2*np.pi\n",
        "min_circular_density = 10; point_addition = 1\n",
        "\n",
        "linear_points = np.linspace(wire_radius, distance, linear_density); inside_points = 0*np.linspace(0,wire_radius,10)\n",
        "total_distance = np.concatenate((inside_points,linear_points))\n",
        "\n",
        "circular_points=[]; circular_angles=[]\n",
        "[circular_points.append(int(min_circular_density + circular_density*point_addition)) for circular_density in range(total_distance.shape[0])]\n",
        "circular_points = np.array(circular_points)\n",
        "if np.all(circular_points)==False:\n",
        "  raise Exception('Check the values of circular_points')\n",
        "circular_angles = [np.linspace(init_angle, final_angle, _points, endpoint=False) for _points in circular_points]\n",
        "\n",
        "mag_field = magField(current=wire_current, xy_points=False,distance=linear_points,mu=mu_freeSpace)\n",
        "x_points, y_points = circle(mu=None,circle_points=circular_angles,line_points=total_distance)"
      ],
      "metadata": {
        "id": "6QkYGLXs6DXp"
      },
      "execution_count": 168,
      "outputs": []
    },
    {
      "cell_type": "code",
      "source": [
        "x_linear_point = np.concatenate((-linear_points[::-1],inside_points,linear_points))\n",
        "y_linear_point = x_linear_point"
      ],
      "metadata": {
        "id": "W_mkUFhiHXXR"
      },
      "execution_count": 169,
      "outputs": []
    },
    {
      "cell_type": "code",
      "source": [
        "def MagField_Circle(current,mu,wire_radius,x,y):\n",
        "  field = np.ones((x.shape[0],y.shape[0]))\n",
        "  field_x = np.ones((x.shape[0],y.shape[0])); quiver_x = np.ones((x.shape[0],y.shape[0]))\n",
        "  field_y = np.ones((x.shape[0],y.shape[0])); quiver_y = np.ones((x.shape[0],y.shape[0]))\n",
        "  for i in range(x.shape[0]):\n",
        "    for j in range(y.shape[0]):\n",
        "      radius = np.sqrt(x[i]**2+y[j]**2)\n",
        "      if radius<=wire_radius:\n",
        "        field[i,j] = None\n",
        "        field_x[i,j] = None; field_y[i,j] = None\n",
        "        quiver_x[i,j] = None; quiver_y[i,j] = None\n",
        "      else:\n",
        "        if y[j]<=(-wire_radius):\n",
        "          if x[i]!=0:\n",
        "            angle = np.arctan(y[j]/x[i])\n",
        "          else:\n",
        "            angle = np.arctan(y[j]*1e18)\n",
        "          mu_below = mu*(1-(2.2e-5))\n",
        "          field[i,j] = (mu_below*current)/(2*np.pi*np.sqrt(x[i]**2+y[j]**2))\n",
        "          field_x[i,j] = field[i,j]*np.cos(angle); field_y[i,j] = field[i,j]*np.sin(angle)\n",
        "          quiver_x[i,j] = x[i]; quiver_y[i,j] = y[j]\n",
        "        else:\n",
        "          if x[i]!=0:\n",
        "            angle = np.arctan(y[j]/x[i])\n",
        "          else:\n",
        "            angle = np.arctan(y[j]*1e18)\n",
        "          field[i,j] = (mu*current)/(2*np.pi*np.sqrt(x[i]**2+y[j]**2))\n",
        "          field_x[i,j] = field[i,j]*np.cos(angle); field_y[i,j] = field[i,j]*np.sin(angle)\n",
        "          quiver_x[i,j] = x[i]; quiver_y[i,j] = y[j]\n",
        "  return field,field_x,field_y,quiver_x,quiver_y"
      ],
      "metadata": {
        "id": "DvC_wq6OG3Ps"
      },
      "execution_count": 170,
      "outputs": []
    },
    {
      "cell_type": "code",
      "source": [
        "mag_field,field_x,field_y,quiver_x,quiver_y = MagField_Circle(current=wire_current,mu=mu_freeSpace,wire_radius=wire_radius,x=x_linear_point,y=y_linear_point)"
      ],
      "metadata": {
        "id": "zT-bbLHbI1CT"
      },
      "execution_count": 171,
      "outputs": []
    },
    {
      "cell_type": "code",
      "source": [
        "fig = go.Figure()\n",
        "fig.add_trace(go.Contour(x=x_linear_point,y=y_linear_point,z=mag_field,contours_coloring='heatmap',\n",
        "                                connectgaps = True,line_smoothing=1,colorbar=dict(title='Magnetic Field',titleside='right'),colorscale=None))\n",
        "fig.update_traces(line_width=0)\n",
        "\n",
        "for i in range(0,quiver_x.shape[0]):\n",
        "  for j in range(0,quiver_y.shape[0]):\n",
        "    x = np.array([quiver_x[i,j]]); y = np.array([quiver_y[i,j]])\n",
        "    u = [-mag_field[i,j]*np.sin(np.arctan(y/x))]; v = [mag_field[i,j]*np.cos(np.arctan(y/x))]\n",
        "    fig1 = ff.create_quiver(x, y, u, v, scale=0.0001, arrow_scale=0.5, scaleratio=1.0, angle=np.pi/9, line=dict(width=1.2, color='black'))\n",
        "    fig.add_traces(data=fig1.data)\n",
        "\n",
        "fig.update_layout(template=fig_template, title = None,width=800, height=700)\n",
        "\n",
        "fig.show()"
      ],
      "metadata": {
        "colab": {
          "base_uri": "https://localhost:8080/",
          "height": 786
        },
        "id": "zCvDieAAJNq_",
        "outputId": "9a648f2f-64c3-42e1-b216-4318e890507b"
      },
      "execution_count": 175,
      "outputs": [
        {
          "output_type": "stream",
          "name": "stderr",
          "text": [
            "<ipython-input-175-26a49ca00baa>:9: RuntimeWarning:\n",
            "\n",
            "divide by zero encountered in divide\n",
            "\n"
          ]
        },
        {
          "output_type": "display_data",
          "data": {
            "text/html": [
              "<html>\n",
              "<head><meta charset=\"utf-8\" /></head>\n",
              "<body>\n",
              "    <div>            <script src=\"https://cdnjs.cloudflare.com/ajax/libs/mathjax/2.7.5/MathJax.js?config=TeX-AMS-MML_SVG\"></script><script type=\"text/javascript\">if (window.MathJax && window.MathJax.Hub && window.MathJax.Hub.Config) {window.MathJax.Hub.Config({SVG: {font: \"STIX-Web\"}});}</script>                <script type=\"text/javascript\">window.PlotlyConfig = {MathJaxConfig: 'local'};</script>\n",
              "        <script charset=\"utf-8\" src=\"https://cdn.plot.ly/plotly-2.24.1.min.js\"></script>                <div id=\"f03caa67-d0d1-44e4-a0e5-944e5b0949ff\" class=\"plotly-graph-div\" style=\"height:700px; width:800px;\"></div>            <script type=\"text/javascript\">                                    window.PLOTLYENV=window.PLOTLYENV || {};                                    if (document.getElementById(\"f03caa67-d0d1-44e4-a0e5-944e5b0949ff\")) {                    Plotly.newPlot(                        \"f03caa67-d0d1-44e4-a0e5-944e5b0949ff\",                        [{\"colorbar\":{\"title\":{\"side\":\"right\",\"text\":\"Magnetic Field\"}},\"connectgaps\":true,\"contours\":{\"coloring\":\"heatmap\"},\"line\":{\"smoothing\":1,\"width\":0},\"x\":[-5e-05,-4.722222222222222e-05,-4.4444444444444447e-05,-4.166666666666667e-05,-3.888888888888889e-05,-3.611111111111111e-05,-3.3333333333333335e-05,-3.055555555555556e-05,-2.777777777777778e-05,-2.5e-05,0.0,0.0,0.0,0.0,0.0,0.0,0.0,0.0,0.0,0.0,2.5e-05,2.777777777777778e-05,3.055555555555556e-05,3.3333333333333335e-05,3.611111111111111e-05,3.888888888888889e-05,4.166666666666667e-05,4.4444444444444447e-05,4.722222222222222e-05,5e-05],\"y\":[-5e-05,-4.722222222222222e-05,-4.4444444444444447e-05,-4.166666666666667e-05,-3.888888888888889e-05,-3.611111111111111e-05,-3.3333333333333335e-05,-3.055555555555556e-05,-2.777777777777778e-05,-2.5e-05,0.0,0.0,0.0,0.0,0.0,0.0,0.0,0.0,0.0,0.0,2.5e-05,2.777777777777778e-05,3.055555555555556e-05,3.3333333333333335e-05,3.611111111111111e-05,3.888888888888889e-05,4.166666666666667e-05,4.4444444444444447e-05,4.722222222222222e-05,5e-05],\"z\":[[0.02828364899349446,0.029079886330418456,0.029895715027145945,0.030728175149168983,0.03157339406510176,0.03242645573827425,0.03328127956925473,0.03413052245806474,0.03496552178645852,0.03577630054406855,0.04,0.04,0.04,0.04,0.04,0.04,0.04,0.04,0.04,0.04,0.03577708763999664,0.034966291044861514,0.03413127334607836,0.033282011773513746,0.03242716913599524,0.03157408869505306,0.030728851183895033,0.02989637274734639,0.0290805261019927,0.0282842712474619],[0.029079886330418456,0.02994739305193531,0.03084073294417258,0.03175713990771986,0.03269279660407904,0.03364265041855923,0.034600230634098485,0.035557483197544676,0.03650464599268388,0.037430194151134674,0.042352941176470586,0.042352941176470586,0.042352941176470586,0.042352941176470586,0.042352941176470586,0.042352941176470586,0.042352941176470586,0.042352941176470586,0.042352941176470586,0.042352941176470586,0.03743101763352261,0.03650544911256436,0.035558265479385225,0.03460099185591932,0.03364339057315184,0.03269351586142799,0.031757838580168625,0.030841411455224597,0.02994805190907731,0.0290805261019927],[0.029895715027145945,0.03084073294417258,0.03181910511768127,0.03282845194447173,0.03386520621088174,0.03492436165237183,0.035999208,0.037081070787466586,0.03815908416190799,0.039220036310822964,0.045,0.045,0.045,0.045,0.045,0.045,0.045,0.045,0.045,0.045,0.03922089917060472,0.03815992368022896,0.03708188658897155,0.036,0.03492513000523195,0.0338659512618095,0.03282917418630383,0.031819805153394644,0.030841411455224597,0.02989637274734639],[0.030728175149168983,0.03175713990771986,0.03282845194447173,0.033940378792193346,0.035089880881294444,0.036272277966239816,0.03748087825580268,0.03870658823739824,0.03993753548310567,0.04115875492167257,0.047999999999999994,0.047999999999999994,0.047999999999999994,0.047999999999999994,0.047999999999999994,0.047999999999999994,0.047999999999999994,0.047999999999999994,0.047999999999999994,0.047999999999999994,0.041159660434202126,0.03993841412821649,0.03870743980107386,0.03748170285326546,0.036273075973911245,0.03509065287565771,0.03394112549695428,0.03282917418630383,0.031757838580168625,0.030728851183895033],[0.03157339406510176,0.03269279660407904,0.03386520621088174,0.035089880881294444,0.0363646915630643,0.037685693323002006,0.03904662336274514,0.04043833919068981,0.041848229266476085,0.04325965557171919,0.051428571428571435,0.051428571428571435,0.051428571428571435,0.051428571428571435,0.051428571428571435,0.051428571428571435,0.051428571428571435,0.051428571428571435,0.051428571428571435,0.051428571428571435,0.043260607305079905,0.04184914994777494,0.04043922885372459,0.03904748240735811,0.03768652242649539,0.036365491603879585,0.03509065287565771,0.0338659512618095,0.03269351586142799,0.03157408869505306],[0.03242645573827425,0.03364265041855923,0.03492436165237183,0.036272277966239816,0.037685693323002006,0.039161975529453864,0.04069591083424834,0.04227892564823094,0.04389820899933267,0.04553579649686192,0.05538461538461539,0.05538461538461539,0.05538461538461539,0.05538461538461539,0.05538461538461539,0.05538461538461539,0.05538461538461539,0.05538461538461539,0.05538461538461539,0.05538461538461539,0.04553679830642467,0.04389917478117786,0.04227985580505866,0.040696806163983947,0.03916283711187033,0.03768652242649539,0.036273075973911245,0.03492513000523195,0.03364339057315184,0.03242716913599524],[0.03328127956925473,0.034600230634098485,0.035999208,0.03748087825580268,0.03904662336274514,0.04069591083424834,0.042425473490241686,0.04422827536857942,0.046092262723753476,0.047998943999999995,0.06,0.06,0.06,0.06,0.06,0.06,0.06,0.06,0.06,0.06,0.047999999999999994,0.04609327677584255,0.04422924841204449,0.042426406871192854,0.040696806163983947,0.03904748240735811,0.03748170285326546,0.036,0.03460099185591932,0.033282011773513746],[0.03413052245806474,0.035557483197544676,0.037081070787466586,0.03870658823739824,0.04043833919068981,0.04227892564823094,0.04422827536857942,0.04628233471662728,0.04843137565402881,0.05065790872207016,0.06545454545454545,0.06545454545454545,0.06545454545454545,0.06545454545454545,0.06545454545454545,0.06545454545454545,0.06545454545454545,0.06545454545454545,0.06545454545454545,0.06545454545454545,0.050659023220581016,0.0484324411677345,0.046283352950392195,0.04422924841204449,0.04227985580505866,0.04043922885372459,0.03870743980107386,0.03708188658897155,0.035558265479385225,0.03413127334607836],[0.03496552178645852,0.03650464599268388,0.03815908416190799,0.03993753548310567,0.041848229266476085,0.04389820899933267,0.046092262723753476,0.04843137565402881,0.050910568188290026,0.05351600115186832,0.072,0.072,0.072,0.072,0.072,0.072,0.072,0.072,0.072,0.072,0.053517178529795977,0.05091168824543143,0.0484324411677345,0.04609327677584255,0.04389917478117786,0.04184914994777494,0.03993841412821649,0.03815992368022896,0.03650544911256436,0.034966291044861514],[0.03577630054406855,0.037430194151134674,0.039220036310822964,0.04115875492167257,0.04325965557171919,0.04553579649686192,0.047998943999999995,0.05065790872207016,0.05351600115186832,0.05656729798698892,null,null,null,null,null,null,null,null,null,null,0.0565685424949238,0.053517178529795977,0.050659023220581016,0.047999999999999994,0.04553679830642467,0.043260607305079905,0.041159660434202126,0.03922089917060472,0.03743101763352261,0.03577708763999664],[0.03999912,0.0423520094117647,0.04499901,0.047998943999999995,0.051427440000000005,0.05538339692307693,0.05999868,0.06545310545454544,0.071998416,null,null,null,null,null,null,null,null,null,null,null,null,0.072,0.06545454545454545,0.06,0.05538461538461539,0.051428571428571435,0.047999999999999994,0.045,0.042352941176470586,0.04],[0.03999912,0.0423520094117647,0.04499901,0.047998943999999995,0.051427440000000005,0.05538339692307693,0.05999868,0.06545310545454544,0.071998416,null,null,null,null,null,null,null,null,null,null,null,null,0.072,0.06545454545454545,0.06,0.05538461538461539,0.051428571428571435,0.047999999999999994,0.045,0.042352941176470586,0.04],[0.03999912,0.0423520094117647,0.04499901,0.047998943999999995,0.051427440000000005,0.05538339692307693,0.05999868,0.06545310545454544,0.071998416,null,null,null,null,null,null,null,null,null,null,null,null,0.072,0.06545454545454545,0.06,0.05538461538461539,0.051428571428571435,0.047999999999999994,0.045,0.042352941176470586,0.04],[0.03999912,0.0423520094117647,0.04499901,0.047998943999999995,0.051427440000000005,0.05538339692307693,0.05999868,0.06545310545454544,0.071998416,null,null,null,null,null,null,null,null,null,null,null,null,0.072,0.06545454545454545,0.06,0.05538461538461539,0.051428571428571435,0.047999999999999994,0.045,0.042352941176470586,0.04],[0.03999912,0.0423520094117647,0.04499901,0.047998943999999995,0.051427440000000005,0.05538339692307693,0.05999868,0.06545310545454544,0.071998416,null,null,null,null,null,null,null,null,null,null,null,null,0.072,0.06545454545454545,0.06,0.05538461538461539,0.051428571428571435,0.047999999999999994,0.045,0.042352941176470586,0.04],[0.03999912,0.0423520094117647,0.04499901,0.047998943999999995,0.051427440000000005,0.05538339692307693,0.05999868,0.06545310545454544,0.071998416,null,null,null,null,null,null,null,null,null,null,null,null,0.072,0.06545454545454545,0.06,0.05538461538461539,0.051428571428571435,0.047999999999999994,0.045,0.042352941176470586,0.04],[0.03999912,0.0423520094117647,0.04499901,0.047998943999999995,0.051427440000000005,0.05538339692307693,0.05999868,0.06545310545454544,0.071998416,null,null,null,null,null,null,null,null,null,null,null,null,0.072,0.06545454545454545,0.06,0.05538461538461539,0.051428571428571435,0.047999999999999994,0.045,0.042352941176470586,0.04],[0.03999912,0.0423520094117647,0.04499901,0.047998943999999995,0.051427440000000005,0.05538339692307693,0.05999868,0.06545310545454544,0.071998416,null,null,null,null,null,null,null,null,null,null,null,null,0.072,0.06545454545454545,0.06,0.05538461538461539,0.051428571428571435,0.047999999999999994,0.045,0.042352941176470586,0.04],[0.03999912,0.0423520094117647,0.04499901,0.047998943999999995,0.051427440000000005,0.05538339692307693,0.05999868,0.06545310545454544,0.071998416,null,null,null,null,null,null,null,null,null,null,null,null,0.072,0.06545454545454545,0.06,0.05538461538461539,0.051428571428571435,0.047999999999999994,0.045,0.042352941176470586,0.04],[0.03999912,0.0423520094117647,0.04499901,0.047998943999999995,0.051427440000000005,0.05538339692307693,0.05999868,0.06545310545454544,0.071998416,null,null,null,null,null,null,null,null,null,null,null,null,0.072,0.06545454545454545,0.06,0.05538461538461539,0.051428571428571435,0.047999999999999994,0.045,0.042352941176470586,0.04],[0.03577630054406855,0.037430194151134674,0.039220036310822964,0.04115875492167257,0.04325965557171919,0.04553579649686192,0.047998943999999995,0.05065790872207016,0.05351600115186832,0.05656729798698892,null,null,null,null,null,null,null,null,null,null,0.0565685424949238,0.053517178529795977,0.050659023220581016,0.047999999999999994,0.04553679830642467,0.043260607305079905,0.041159660434202126,0.03922089917060472,0.03743101763352261,0.03577708763999664],[0.03496552178645852,0.03650464599268388,0.03815908416190799,0.03993753548310567,0.041848229266476085,0.04389820899933267,0.046092262723753476,0.04843137565402881,0.050910568188290026,0.05351600115186832,0.072,0.072,0.072,0.072,0.072,0.072,0.072,0.072,0.072,0.072,0.053517178529795977,0.05091168824543143,0.0484324411677345,0.04609327677584255,0.04389917478117786,0.04184914994777494,0.03993841412821649,0.03815992368022896,0.03650544911256436,0.034966291044861514],[0.03413052245806474,0.035557483197544676,0.037081070787466586,0.03870658823739824,0.04043833919068981,0.04227892564823094,0.04422827536857942,0.04628233471662728,0.04843137565402881,0.05065790872207016,0.06545454545454545,0.06545454545454545,0.06545454545454545,0.06545454545454545,0.06545454545454545,0.06545454545454545,0.06545454545454545,0.06545454545454545,0.06545454545454545,0.06545454545454545,0.050659023220581016,0.0484324411677345,0.046283352950392195,0.04422924841204449,0.04227985580505866,0.04043922885372459,0.03870743980107386,0.03708188658897155,0.035558265479385225,0.03413127334607836],[0.03328127956925473,0.034600230634098485,0.035999208,0.03748087825580268,0.03904662336274514,0.04069591083424834,0.042425473490241686,0.04422827536857942,0.046092262723753476,0.047998943999999995,0.06,0.06,0.06,0.06,0.06,0.06,0.06,0.06,0.06,0.06,0.047999999999999994,0.04609327677584255,0.04422924841204449,0.042426406871192854,0.040696806163983947,0.03904748240735811,0.03748170285326546,0.036,0.03460099185591932,0.033282011773513746],[0.03242645573827425,0.03364265041855923,0.03492436165237183,0.036272277966239816,0.037685693323002006,0.039161975529453864,0.04069591083424834,0.04227892564823094,0.04389820899933267,0.04553579649686192,0.05538461538461539,0.05538461538461539,0.05538461538461539,0.05538461538461539,0.05538461538461539,0.05538461538461539,0.05538461538461539,0.05538461538461539,0.05538461538461539,0.05538461538461539,0.04553679830642467,0.04389917478117786,0.04227985580505866,0.040696806163983947,0.03916283711187033,0.03768652242649539,0.036273075973911245,0.03492513000523195,0.03364339057315184,0.03242716913599524],[0.03157339406510176,0.03269279660407904,0.03386520621088174,0.035089880881294444,0.0363646915630643,0.037685693323002006,0.03904662336274514,0.04043833919068981,0.041848229266476085,0.04325965557171919,0.051428571428571435,0.051428571428571435,0.051428571428571435,0.051428571428571435,0.051428571428571435,0.051428571428571435,0.051428571428571435,0.051428571428571435,0.051428571428571435,0.051428571428571435,0.043260607305079905,0.04184914994777494,0.04043922885372459,0.03904748240735811,0.03768652242649539,0.036365491603879585,0.03509065287565771,0.0338659512618095,0.03269351586142799,0.03157408869505306],[0.030728175149168983,0.03175713990771986,0.03282845194447173,0.033940378792193346,0.035089880881294444,0.036272277966239816,0.03748087825580268,0.03870658823739824,0.03993753548310567,0.04115875492167257,0.047999999999999994,0.047999999999999994,0.047999999999999994,0.047999999999999994,0.047999999999999994,0.047999999999999994,0.047999999999999994,0.047999999999999994,0.047999999999999994,0.047999999999999994,0.041159660434202126,0.03993841412821649,0.03870743980107386,0.03748170285326546,0.036273075973911245,0.03509065287565771,0.03394112549695428,0.03282917418630383,0.031757838580168625,0.030728851183895033],[0.029895715027145945,0.03084073294417258,0.03181910511768127,0.03282845194447173,0.03386520621088174,0.03492436165237183,0.035999208,0.037081070787466586,0.03815908416190799,0.039220036310822964,0.045,0.045,0.045,0.045,0.045,0.045,0.045,0.045,0.045,0.045,0.03922089917060472,0.03815992368022896,0.03708188658897155,0.036,0.03492513000523195,0.0338659512618095,0.03282917418630383,0.031819805153394644,0.030841411455224597,0.02989637274734639],[0.029079886330418456,0.02994739305193531,0.03084073294417258,0.03175713990771986,0.03269279660407904,0.03364265041855923,0.034600230634098485,0.035557483197544676,0.03650464599268388,0.037430194151134674,0.042352941176470586,0.042352941176470586,0.042352941176470586,0.042352941176470586,0.042352941176470586,0.042352941176470586,0.042352941176470586,0.042352941176470586,0.042352941176470586,0.042352941176470586,0.03743101763352261,0.03650544911256436,0.035558265479385225,0.03460099185591932,0.03364339057315184,0.03269351586142799,0.031757838580168625,0.030841411455224597,0.02994805190907731,0.0290805261019927],[0.02828364899349446,0.029079886330418456,0.029895715027145945,0.030728175149168983,0.03157339406510176,0.03242645573827425,0.03328127956925473,0.03413052245806474,0.03496552178645852,0.03577630054406855,0.04,0.04,0.04,0.04,0.04,0.04,0.04,0.04,0.04,0.04,0.03577708763999664,0.034966291044861514,0.03413127334607836,0.033282011773513746,0.03242716913599524,0.03157408869505306,0.030728851183895033,0.02989637274734639,0.0290805261019927,0.0282842712474619]],\"type\":\"contour\"},{\"line\":{\"color\":\"black\",\"width\":1.2},\"mode\":\"lines\",\"x\":[-5e-05,-5.1999956e-05,null,-5.0718271433569236e-05,-5.1999956e-05,-5.140229667133427e-05,null],\"y\":[-5e-05,-4.8000044e-05,null,-4.8597703328665737e-05,-4.8000044e-05,-4.928172856643077e-05,null],\"type\":\"scatter\"},{\"line\":{\"color\":\"black\",\"width\":1.2},\"mode\":\"lines\",\"x\":[-5e-05,-5.199669342903752e-05,null,-5.069701413224241e-05,-5.199669342903752e-05,-5.142009464459436e-05,null],\"y\":[-4.722222222222222e-05,-4.510807623853543e-05,null,-4.5759945242214335e-05,-4.510807623853543e-05,-4.644285461499117e-05,null],\"type\":\"scatter\"},{\"line\":{\"color\":\"black\",\"width\":1.2},\"mode\":\"lines\",\"x\":[-5e-05,-5.19861632e-05,null,-5.067086109857989e-05,-5.19861632e-05,-5.143508239870359e-05,null],\"y\":[-4.4444444444444447e-05,-4.2210010844444447e-05,null,-4.292019731605641e-05,-4.2210010844444447e-05,-4.359950513838858e-05,null],\"type\":\"scatter\"},{\"line\":{\"color\":\"black\",\"width\":1.2},\"mode\":\"lines\",\"x\":[-5e-05,-5.196716983606558e-05,null,-5.063921532110761e-05,-5.196716983606558e-05,-5.14465893722401e-05,null],\"y\":[-4.166666666666667e-05,-3.9306062863387984e-05,null,-4.007877799601951e-05,-3.9306062863387984e-05,-4.075158970529659e-05,null],\"type\":\"scatter\"},{\"line\":{\"color\":\"black\",\"width\":1.2},\"mode\":\"lines\",\"x\":[-5e-05,-5.19384188923077e-05,null,-5.060145958730734e-05,-5.19384188923077e-05,-5.1453860268214524e-05,null],\"y\":[-3.888888888888889e-05,-3.639663602735043e-05,null,-3.723612268522443e-05,-3.639663602735043e-05,-3.789910099259669e-05,null],\"type\":\"scatter\"},{\"line\":{\"color\":\"black\",\"width\":1.2},\"mode\":\"lines\",\"x\":[-5e-05,-5.1898538352941175e-05,null,-5.055697517142302e-05,-5.1898538352941175e-05,-5.145605905392148e-05,null],\"y\":[-3.611111111111111e-05,-3.3482365699346404e-05,null,-3.439280285223535e-05,-3.3482365699346404e-05,-3.504214121181757e-05,null],\"type\":\"scatter\"},{\"line\":{\"color\":\"black\",\"width\":1.2},\"mode\":\"lines\",\"x\":[-5e-05,-5.1846113230769234e-05,null,-5.050516780688736e-05,-5.1846113230769234e-05,-5.145227967456202e-05,null],\"y\":[-3.3333333333333335e-05,-3.056416348717949e-05,null,-3.1549543766354744e-05,-3.056416348717949e-05,-3.218095167813785e-05,null],\"type\":\"scatter\"},{\"line\":{\"color\":\"black\",\"width\":1.2},\"mode\":\"lines\",\"x\":[-5e-05,-5.1779736125842696e-05,null,-5.0445501815134885e-05,-5.1779736125842696e-05,-5.144156553215003e-05,null],\"y\":[-3.055555555555556e-05,-2.7643260076903874e-05,null,-2.8707238559901157e-05,-2.7643260076903874e-05,-2.9315944164743746e-05,null],\"type\":\"scatter\"},{\"line\":{\"color\":\"black\",\"width\":1.2},\"mode\":\"lines\",\"x\":[-5e-05,-5.169807584905661e-05,null,-5.0377542645865e-05,-5.169807584905661e-05,-5.1422939707354956e-05,null],\"y\":[-2.777777777777778e-05,-2.472124124947589e-05,null,-2.5866955587243722e-05,-2.472124124947589e-05,-2.644773173251592e-05,null],\"type\":\"scatter\"},{\"line\":{\"color\":\"black\",\"width\":1.2},\"mode\":\"lines\",\"x\":[-5e-05,-5.15999648e-05,null,-5.0301007051749374e-05,-5.15999648e-05,-5.139544743217342e-05,null],\"y\":[-2.5e-05,-2.1800070400000003e-05,null,-2.302993542097119e-05,-2.1800070400000003e-05,-2.3577155611183215e-05,null],\"type\":\"scatter\"},{\"line\":{\"color\":\"black\",\"width\":1.2},\"mode\":\"lines\",\"x\":[-5e-05,-5e-05,null,-4.9315959713348666e-05,-5e-05,-5.068404028665134e-05,null],\"y\":[0.0,4.000000000000001e-06,null,2.1206147584281837e-06,4.000000000000001e-06,2.1206147584281837e-06,null],\"type\":\"scatter\"},{\"line\":{\"color\":\"black\",\"width\":1.2},\"mode\":\"lines\",\"x\":[-5e-05,-5e-05,null,-4.9315959713348666e-05,-5e-05,-5.068404028665134e-05,null],\"y\":[0.0,4.000000000000001e-06,null,2.1206147584281837e-06,4.000000000000001e-06,2.1206147584281837e-06,null],\"type\":\"scatter\"},{\"line\":{\"color\":\"black\",\"width\":1.2},\"mode\":\"lines\",\"x\":[-5e-05,-5e-05,null,-4.9315959713348666e-05,-5e-05,-5.068404028665134e-05,null],\"y\":[0.0,4.000000000000001e-06,null,2.1206147584281837e-06,4.000000000000001e-06,2.1206147584281837e-06,null],\"type\":\"scatter\"},{\"line\":{\"color\":\"black\",\"width\":1.2},\"mode\":\"lines\",\"x\":[-5e-05,-5e-05,null,-4.9315959713348666e-05,-5e-05,-5.068404028665134e-05,null],\"y\":[0.0,4.000000000000001e-06,null,2.1206147584281837e-06,4.000000000000001e-06,2.1206147584281837e-06,null],\"type\":\"scatter\"},{\"line\":{\"color\":\"black\",\"width\":1.2},\"mode\":\"lines\",\"x\":[-5e-05,-5e-05,null,-4.9315959713348666e-05,-5e-05,-5.068404028665134e-05,null],\"y\":[0.0,4.000000000000001e-06,null,2.1206147584281837e-06,4.000000000000001e-06,2.1206147584281837e-06,null],\"type\":\"scatter\"},{\"line\":{\"color\":\"black\",\"width\":1.2},\"mode\":\"lines\",\"x\":[-5e-05,-5e-05,null,-4.9315959713348666e-05,-5e-05,-5.068404028665134e-05,null],\"y\":[0.0,4.000000000000001e-06,null,2.1206147584281837e-06,4.000000000000001e-06,2.1206147584281837e-06,null],\"type\":\"scatter\"},{\"line\":{\"color\":\"black\",\"width\":1.2},\"mode\":\"lines\",\"x\":[-5e-05,-5e-05,null,-4.9315959713348666e-05,-5e-05,-5.068404028665134e-05,null],\"y\":[0.0,4.000000000000001e-06,null,2.1206147584281837e-06,4.000000000000001e-06,2.1206147584281837e-06,null],\"type\":\"scatter\"},{\"line\":{\"color\":\"black\",\"width\":1.2},\"mode\":\"lines\",\"x\":[-5e-05,-5e-05,null,-4.9315959713348666e-05,-5e-05,-5.068404028665134e-05,null],\"y\":[0.0,4.000000000000001e-06,null,2.1206147584281837e-06,4.000000000000001e-06,2.1206147584281837e-06,null],\"type\":\"scatter\"},{\"line\":{\"color\":\"black\",\"width\":1.2},\"mode\":\"lines\",\"x\":[-5e-05,-5e-05,null,-4.9315959713348666e-05,-5e-05,-5.068404028665134e-05,null],\"y\":[0.0,4.000000000000001e-06,null,2.1206147584281837e-06,4.000000000000001e-06,2.1206147584281837e-06,null],\"type\":\"scatter\"},{\"line\":{\"color\":\"black\",\"width\":1.2},\"mode\":\"lines\",\"x\":[-5e-05,-5e-05,null,-4.9315959713348666e-05,-5e-05,-5.068404028665134e-05,null],\"y\":[0.0,4.000000000000001e-06,null,2.1206147584281837e-06,4.000000000000001e-06,2.1206147584281837e-06,null],\"type\":\"scatter\"},{\"line\":{\"color\":\"black\",\"width\":1.2},\"mode\":\"lines\",\"x\":[-5e-05,-4.8400000000000004e-05,null,-4.860452186730766e-05,-4.8400000000000004e-05,-4.96989863259498e-05,null],\"y\":[2.5e-05,2.82e-05,null,2.6422875692082014e-05,2.82e-05,2.6970107921403084e-05,null],\"type\":\"scatter\"},{\"line\":{\"color\":\"black\",\"width\":1.2},\"mode\":\"lines\",\"x\":[-5e-05,-4.8301886792452835e-05,null,-4.8577028987282775e-05,-4.8301886792452835e-05,-4.9622449048014064e-05,null],\"y\":[2.777777777777778e-05,3.0834381551362686e-05,null,2.910785308469639e-05,3.0834381551362686e-05,2.9688642007324884e-05,null],\"type\":\"scatter\"},{\"line\":{\"color\":\"black\",\"width\":1.2},\"mode\":\"lines\",\"x\":[-5e-05,-4.8220224719101125e-05,null,-4.8558402752710534e-05,-4.8220224719101125e-05,-4.955448838360956e-05,null],\"y\":[3.055555555555556e-05,3.346791510611736e-05,null,3.1795194218417956e-05,3.346791510611736e-05,3.2403913215078476e-05,null],\"type\":\"scatter\"},{\"line\":{\"color\":\"black\",\"width\":1.2},\"mode\":\"lines\",\"x\":[-5e-05,-4.815384615384616e-05,null,-4.8547688374582225e-05,-4.815384615384616e-05,-4.949482107917638e-05,null],\"y\":[3.3333333333333335e-05,3.6102564102564106e-05,null,3.4485740341483e-05,3.6102564102564106e-05,3.511716214454577e-05,null],\"type\":\"scatter\"},{\"line\":{\"color\":\"black\",\"width\":1.2},\"mode\":\"lines\",\"x\":[-5e-05,-4.8101419878296146e-05,null,-4.854390891207459e-05,-4.8101419878296146e-05,-4.944301257485363e-05,null],\"y\":[3.611111111111111e-05,3.873991435654721e-05,null,3.718010452825983e-05,3.873991435654721e-05,3.7829457173600246e-05,null],\"type\":\"scatter\"},{\"line\":{\"color\":\"black\",\"width\":1.2},\"mode\":\"lines\",\"x\":[-5e-05,-4.8061538461538466e-05,null,-4.8546107746155896e-05,-4.8061538461538466e-05,-4.939852718029064e-05,null],\"y\":[3.888888888888889e-05,4.138119658119658e-05,null,3.987869856099388e-05,4.138119658119658e-05,4.054169145420979e-05,null],\"type\":\"scatter\"},{\"line\":{\"color\":\"black\",\"width\":1.2},\"mode\":\"lines\",\"x\":[-5e-05,-4.8032786885245904e-05,null,-4.855337880209355e-05,-4.8032786885245904e-05,-4.9360770615845944e-05,null],\"y\":[4.166666666666667e-05,4.402732240437159e-05,null,4.2581763760172813e-05,4.402732240437159e-05,4.325459027163314e-05,null],\"type\":\"scatter\"},{\"line\":{\"color\":\"black\",\"width\":1.2},\"mode\":\"lines\",\"x\":[-5e-05,-4.8013793103448275e-05,null,-4.856488602878905e-05,-4.8013793103448275e-05,-4.932912414215124e-05,null],\"y\":[4.4444444444444447e-05,4.6678927203065136e-05,null,4.528940233957401e-05,4.6678927203065136e-05,4.596872510700706e-05,null],\"type\":\"scatter\"},{\"line\":{\"color\":\"black\",\"width\":1.2},\"mode\":\"lines\",\"x\":[-5e-05,-4.800326264274062e-05,null,-4.8579874112636125e-05,-4.800326264274062e-05,-4.930297053310931e-05,null],\"y\":[4.722222222222222e-05,4.933641471814392e-05,null,4.8001606975917854e-05,4.933641471814392e-05,4.868453137303142e-05,null],\"type\":\"scatter\"},{\"line\":{\"color\":\"black\",\"width\":1.2},\"mode\":\"lines\",\"x\":[-5e-05,-4.8e-05,null,-4.859767247746024e-05,-4.8e-05,-4.928171276411158e-05,null],\"y\":[5e-05,5.2000000000000004e-05,null,5.0718287235888426e-05,5.2000000000000004e-05,5.140232752253976e-05,null],\"type\":\"scatter\"},{\"line\":{\"color\":\"black\",\"width\":1.2},\"mode\":\"lines\",\"x\":[-4.722222222222222e-05,-4.933636820590901e-05,null,-4.8001589829453274e-05,-4.933636820590901e-05,-4.868449920223011e-05,null],\"y\":[-5e-05,-4.8003306570962485e-05,null,-4.8579905355405646e-05,-4.8003306570962485e-05,-4.930298586775759e-05,null],\"type\":\"scatter\"},{\"line\":{\"color\":\"black\",\"width\":1.2},\"mode\":\"lines\",\"x\":[-4.722222222222222e-05,-4.933982269281046e-05,null,-4.7982744916589644e-05,-4.933982269281046e-05,-4.870700693304674e-05,null],\"y\":[-4.722222222222222e-05,-4.5104621751633984e-05,null,-4.57374375113977e-05,-4.5104621751633984e-05,-4.64616995278548e-05,null],\"type\":\"scatter\"},{\"line\":{\"color\":\"black\",\"width\":1.2},\"mode\":\"lines\",\"x\":[-4.722222222222222e-05,-4.9335937187359837e-05,null,-4.795875780287563e-05,-4.9335937187359837e-05,-4.872687421665948e-05,null],\"y\":[-4.4444444444444447e-05,-4.219862229398573e-05,null,-4.289234699751454e-05,-4.219862229398573e-05,-4.361528009284052e-05,null],\"type\":\"scatter\"},{\"line\":{\"color\":\"black\",\"width\":1.2},\"mode\":\"lines\",\"x\":[-4.722222222222222e-05,-4.9323343311716385e-05,null,-4.792891806963048e-05,-4.9323343311716385e-05,-4.8743360570626976e-05,null],\"y\":[-4.166666666666667e-05,-3.928539609857329e-05,null,-4.004491442095261e-05,-3.928539609857329e-05,-4.076354015712599e-05,null],\"type\":\"scatter\"},{\"line\":{\"color\":\"black\",\"width\":1.2},\"mode\":\"lines\",\"x\":[-4.722222222222222e-05,-4.93005270139748e-05,null,-4.789247261331414e-05,-4.93005270139748e-05,-4.8755613738081566e-05,null],\"y\":[-3.888888888888889e-05,-3.636523307033219e-05,null,-3.719555239400794e-05,-3.636523307033219e-05,-3.7906374496757585e-05,null],\"type\":\"scatter\"},{\"line\":{\"color\":\"black\",\"width\":1.2},\"mode\":\"lines\",\"x\":[-4.722222222222222e-05,-4.9265845383794276e-05,null,-4.784864408639541e-05,-4.9265845383794276e-05,-4.876266907659672e-05,null],\"y\":[-3.611111111111111e-05,-3.34386808229015e-05,null,-3.43448321902869e-05,-3.34386808229015e-05,-3.504379247691143e-05,null],\"type\":\"scatter\"},{\"line\":{\"color\":\"black\",\"width\":1.2},\"mode\":\"lines\",\"x\":[-4.722222222222222e-05,-4.921755938619451e-05,null,-4.77966586838921e-05,-4.921755938619451e-05,-4.876345647953228e-05,null],\"