{
  "nbformat": 4,
  "nbformat_minor": 0,
  "metadata": {
    "colab": {
      "provenance": [],
      "authorship_tag": "ABX9TyOnf6q0PHEPjur7ZIUU4YvY",
      "include_colab_link": true
    },
    "kernelspec": {
      "name": "python3",
      "display_name": "Python 3"
    },
    "language_info": {
      "name": "python"
    }
  },
  "cells": [
    {
      "cell_type": "markdown",
      "metadata": {
        "id": "view-in-github",
        "colab_type": "text"
      },
      "source": [
        "<a href=\"https://colab.research.google.com/github/ghoshatanu857/Instrument_Automation/blob/main/Vector_Magnetometry.ipynb\" target=\"_parent\"><img src=\"https://colab.research.google.com/assets/colab-badge.svg\" alt=\"Open In Colab\"/></a>"
      ]
    },
    {
      "cell_type": "code",
      "source": [
        "import numpy as np\n",
        "from plotly.subplots import make_subplots\n",
        "from plotly import graph_objs as go\n",
        "import plotly.figure_factory as ff"
      ],
      "metadata": {
        "id": "4o2Mwl5B3RAx"
      },
      "execution_count": null,
      "outputs": []
    },
    {
      "cell_type": "code",
      "source": [
        "fig_template = go.layout.Template()\n",
        "fig_template.layout = {\n",
        "    'template': 'simple_white+presentation',\n",
        "    'autosize': False,\n",
        "    'width': 800,\n",
        "    'height': 600,\n",
        "    # 'opacity': 0.2,\n",
        "    'xaxis': {\n",
        "        'ticks': 'inside',\n",
        "        'mirror': 'ticks',\n",
        "        'linewidth': 1.5+0.5,\n",
        "        'tickwidth': 1.5+0.5,\n",
        "        'ticklen': 6,\n",
        "        'showline': True,\n",
        "        'showgrid': False,\n",
        "        'zerolinecolor': 'white',\n",
        "        },\n",
        "    'yaxis': {\n",
        "        'ticks': 'inside',\n",
        "        'mirror': 'ticks',\n",
        "        'linewidth': 1.5+0.5,\n",
        "        'tickwidth': 1.5+0.5,\n",
        "        'ticklen': 6,\n",
        "        'showline': True,\n",
        "        'showgrid': False,\n",
        "        'zerolinecolor': 'white'\n",
        "        },\n",
        "    'font':{'family':'mathjax',\n",
        "            'size': 22,\n",
        "            }\n",
        "}"
      ],
      "metadata": {
        "id": "M3o8rvblCNv_"
      },
      "execution_count": null,
      "outputs": []
    },
    {
      "cell_type": "code",
      "source": [
        "def magField(current,distance):\n",
        "  field = (4*np.pi*1e-7*current)/(2*np.pi*distance)\n",
        "  return field"
      ],
      "metadata": {
        "id": "DmBQix4q3WWx"
      },
      "execution_count": null,
      "outputs": []
    },
    {
      "cell_type": "code",
      "source": [
        "def circle(inner_r,outer_r,circle_points,line_points):\n",
        "  x_array=[]; y_array=[]\n",
        "  x_array.append([points*np.cos(_points) for points,_points in zip(line_points,circle_points)])\n",
        "  y_array.append([points*np.sin(_points) for points,_points in zip(line_points,circle_points)])\n",
        "  return x_array, y_array"
      ],
      "metadata": {
        "id": "8rLh9_P67P_M"
      },
      "execution_count": null,
      "outputs": []
    },
    {
      "cell_type": "code",
      "source": [
        "wire_radius = 25e-6; distance = 100e-6; wire_current = 10\n",
        "linear_density = 10; init_angle = 0; final_angle = 2*np.pi\n",
        "min_circular_density = 10; point_addition = 6\n",
        "\n",
        "linear_points = np.linspace(wire_radius, distance, linear_density)\n",
        "circular_points=[]; circular_angles=[]\n",
        "[circular_points.append(int(min_circular_density + circular_density*point_addition)) for circular_density in range(linear_density)]\n",
        "circular_points = np.array(circular_points)\n",
        "if np.all(circular_points)==False:\n",
        "  raise Exception('Check the values of circular_points')\n",
        "[circular_angles.append(np.linspace(init_angle, final_angle,_points,endpoint=False)) for _points in circular_points]\n",
        "\n",
        "mag_field = magField(current=wire_current,distance= linear_points)\n",
        "x_points, y_points = circle(wire_radius, distance, circular_angles,line_points=linear_points)"
      ],
      "metadata": {
        "id": "6QkYGLXs6DXp"
      },
      "execution_count": 450,
      "outputs": []
    },
    {
      "cell_type": "code",
      "source": [
        "circular_points"
      ],
      "metadata": {
        "colab": {
          "base_uri": "https://localhost:8080/"
        },
        "id": "nSOgju3jRbdJ",
        "outputId": "b29cdd36-8652-4e40-f637-02007f169adf"
      },
      "execution_count": 451,
      "outputs": [
        {
          "output_type": "execute_result",
          "data": {
            "text/plain": [
              "array([10, 16, 22, 28, 34, 40, 46, 52, 58, 64])"
            ]
          },
          "metadata": {},
          "execution_count": 451
        }
      ]
    },
    {
      "cell_type": "code",
      "source": [
        "# def circle(inner_r,outer_r,circle_points,line_points):\n",
        "#   x_array=[]; y_array=[]\n",
        "#   x_array.append([points*np.cos(circle_points) for points in line_points])\n",
        "#   y_array.append([points*np.sin(circle_points) for points in line_points])\n",
        "#   return np.squeeze(np.array(x_array)), np.squeeze(np.array(y_array))"
      ],
      "metadata": {
        "id": "4PNHlSnRAtsY"
      },
      "execution_count": 452,
      "outputs": []
    },
    {
      "cell_type": "code",
      "source": [
        "# wire_radius = 25e-6; distance = 100e-6; wire_current = 10\n",
        "# linear_density = 10; circular_density = 20\n",
        "# init_angle = -np.pi; final_angle = 0\n",
        "\n",
        "# linear_points = np.linspace(wire_radius, distance, linear_density)\n",
        "# circular_points = np.linspace(init_angle, final_angle, circular_density)\n",
        "\n",
        "# mag_field = magField(current=wire_current,distance= linear_points)\n",
        "# x_points, y_points = circle(wire_radius, distance, circular_points,line_points=mag_field)"
      ],
      "metadata": {
        "id": "wq2xhCFWAr7N"
      },
      "execution_count": 453,
      "outputs": []
    },
    {
      "cell_type": "code",
      "source": [
        "linear_point = np.concatenate((-linear_points[::-1],linear_points))\n",
        "X, Y = np.meshgrid(linear_point, linear_point)\n",
        "radius = np.sqrt(X**2 + Y**2)\n",
        "\n",
        "B = magField(current=wire_current, distance=radius)"
      ],
      "metadata": {
        "id": "73TtLNn9m3EF"
      },
      "execution_count": 454,
      "outputs": []
    },
    {
      "cell_type": "code",
      "source": [
        "# def polar_to_cartesian(radius, angle):\n",
        "#   x = radius * np.cos(angle)\n",
        "#   y = radius * np.sin(angle)\n",
        "#   return np.squeeze(x), np.squeeze(y)\n",
        "\n",
        "# r,theta=np.meshgrid(linear_points[-1],circular_angles[-1])\n",
        "# x,y=polar_to_cartesian(r,theta)\n",
        "# x,x_points[0][-1]"
      ],
      "metadata": {
        "id": "4np5BQlNK30x"
      },
      "execution_count": 457,
      "outputs": []
    },
    {
      "cell_type": "code",
      "source": [
        "fig = go.Figure(data=go.Contour(x=linear_point,y=linear_point,z=B,contours_coloring='heatmap',\n",
        "                                connectgaps=True,line_smoothing=1,colorbar=dict(title='Magnetic Field',titleside='right')))\n",
        "fig.update_traces(line_width=0)\n",
        "\n",
        "for radi in range(0,len(x_points[0]),2):\n",
        "    x = x_points[0][radi]; y = y_points[0][radi]\n",
        "    u = -y; v = x\n",
        "    fig1 = ff.create_quiver(x, y, u, v, scale=125e-6*mag_field[radi]/linear_points[radi], arrow_scale=0.5, scaleratio=1.0, angle=np.pi/9, line=dict(width=1.2, color='black'))\n",
        "    fig.add_traces(data=fig1.data)\n",
        "\n",
        "fig.add_trace(go.Scatter(x=[0], y=[0], mode='markers', marker_size=15, marker=dict(color='yellow')))\n",
        "fig.add_trace(go.Scatter(x=linear_point, y=-wire_radius*np.ones(linear_point.shape[0]), mode='lines', marker=dict(color='yellow'),fill=None))\n",
        "fig.add_trace(go.Scatter(x=linear_point, y=-distance*np.ones(linear_point.shape[0]), mode='lines', marker=dict(color='grey'), fill='tonexty'))\n",
        "\n",
        "fig.update_layout(showlegend=False)\n",
        "fig.update_layout(template=fig_template, title = 'Magnetic Field vs Radial Distance',width=800, height=600)\n",
        "fig.update_xaxes(range = [-distance,distance]); fig.update_yaxes(range = [-distance,distance])\n",
        "fig.show()"
      ],
      "metadata": {
        "colab": {
          "base_uri": "https://localhost:8080/",
          "height": 617
        },
        "id": "vAJNR9Kr47Zr",
        "outputId": "daf58771-8019-488d-d966-92e700a826c0"
      },
      "execution_count": 473,
      "outputs": [
        {
          "output_type": "display_data",
          "data": {
            "text/html": [
              "<html>\n",
              "<head><meta charset=\"utf-8\" /></head>\n",
              "<body>\n",
              "    <div>            <script src=\"https://cdnjs.cloudflare.com/ajax/libs/mathjax/2.7.5/MathJax.js?config=TeX-AMS-MML_SVG\"></script><script type=\"text/javascript\">if (window.MathJax && window.MathJax.Hub && window.MathJax.Hub.Config) {window.MathJax.Hub.Config({SVG: {font: \"STIX-Web\"}});}</script>                <script type=\"text/javascript\">window.PlotlyConfig = {MathJaxConfig: 'local'};</script>\n",
              "        <script charset=\"utf-8\" src=\"https://cdn.plot.ly/plotly-2.24.1.min.js\"></script>                <div id=\"a7ccc48d-5b96-415d-80c3-5281faddaef4\" class=\"plotly-graph-div\" style=\"height:600px; width:800px;\"></div>            <script type=\"text/javascript\">                                    window.PLOTLYENV=window.PLOTLYENV || {};                                    if (document.getElementById(\"a7ccc48d-5b96-415d-80c3-5281faddaef4\")) {                    Plotly.newPlot(                        \"a7ccc48d-5b96-415d-80c3-5281faddaef4\",                        [{\"colorbar\":{\"title\":{\"side\":\"right\",\"text\":\"Magnetic Field\"}},\"connectgaps\":true,\"contours\":{\"coloring\":\"heatmap\"},\"line\":{\"smoothing\":1,\"width\":0},\"x\":[-0.0001,-9.166666666666667e-05,-8.333333333333333e-05,-7.500000000000001e-05,-6.666666666666667e-05,-5.833333333333333e-05,-5e-05,-4.166666666666667e-05,-3.3333333333333335e-05,-2.5e-05,2.5e-05,3.3333333333333335e-05,4.166666666666667e-05,5e-05,5.833333333333333e-05,6.666666666666667e-05,7.500000000000001e-05,8.333333333333333e-05,9.166666666666667e-05,0.0001],\"y\":[-0.0001,-9.166666666666667e-05,-8.333333333333333e-05,-7.500000000000001e-05,-6.666666666666667e-05,-5.833333333333333e-05,-5e-05,-4.166666666666667e-05,-3.3333333333333335e-05,-2.5e-05,2.5e-05,3.3333333333333335e-05,4.166666666666667e-05,5e-05,5.833333333333333e-05,6.666666666666667e-05,7.500000000000001e-05,8.333333333333333e-05,9.166666666666667e-05,0.0001],\"z\":[[0.01414213562373095,0.01474308280401483,0.015364425591947516,0.016,0.016641005886756873,0.01727557801796867,0.01788854381999832,0.018461538461538463,0.018973665961010275,0.019402850002906636,0.019402850002906636,0.018973665961010275,0.018461538461538463,0.01788854381999832,0.01727557801796867,0.016641005886756873,0.016,0.015364425591947516,0.01474308280401483,0.01414213562373095],[0.01474308280401483,0.0154277843167974,0.016144147055911502,0.016886341073527007,0.017645150930251388,0.018407159732336892,0.019154085227222933,0.01986254132645683,0.020504583785202264,0.0210493924633687,0.0210493924633687,0.020504583785202264,0.01986254132645683,0.019154085227222933,0.018407159732336892,0.017645150930251388,0.016886341073527007,0.016144147055911502,0.0154277843167974,0.01474308280401483],[0.015364425591947516,0.016144147055911502,0.016970562748477143,0.017839059509931993,0.01874085142663273,0.01966156609245697,0.020579830217101063,0.021466252583997984,0.022283440581246223,0.022987830845307634,0.022987830845307634,0.022283440581246223,0.021466252583997984,0.020579830217101063,0.01966156609245697,0.01874085142663273,0.017839059509931993,0.016970562748477143,0.016144147055911502,0.015364425591947516],[0.016,0.016886341073527007,0.017839059509931993,0.018856180831641266,0.019930915164897593,0.0210493924633687,0.022188007849009164,0.02331086069657434,0.02436830796320686,0.025298221281347035,0.025298221281347035,0.02436830796320686,0.02331086069657434,0.022188007849009164,0.0210493924633687,0.019930915164897593,0.018856180831641266,0.017839059509931993,0.016886341073527007,0.016],[0.016641005886756873,0.017645150930251388,0.01874085142663273,0.019930915164897593,0.021213203435596427,0.02257730084120634,0.023999999999999997,0.025439949120152638,0.026832815729997475,0.028089875327071336,0.028089875327071336,0.026832815729997475,0.025439949120152638,0.023999999999999997,0.02257730084120634,0.021213203435596427,0.019930915164897593,0.01874085142663273,0.017645150930251388,0.016641005886756873],[0.01727557801796867,0.018407159732336892,0.01966156609245697,0.0210493924633687,0.02257730084120634,0.024243661069253058,0.02603165493823874,0.027899433298516626,0.02976833630141003,0.031513543886333414,0.031513543886333414,0.02976833630141003,0.027899433298516626,0.02603165493823874,0.024243661069253058,0.02257730084120634,0.0210493924633687,0.01966156609245697,0.018407159732336892,0.01727557801796867],[0.01788854381999832,0.019154085227222933,0.020579830217101063,0.022188007849009164,0.023999999999999997,0.02603165493823874,0.0282842712474619,0.030728851183895033,0.033282011773513746,0.03577708763999664,0.03577708763999664,0.033282011773513746,0.030728851183895033,0.0282842712474619,0.02603165493823874,0.023999999999999997,0.022188007849009164,0.020579830217101063,0.019154085227222933,0.01788854381999832],[0.018461538461538463,0.01986254132645683,0.021466252583997984,0.02331086069657434,0.025439949120152638,0.027899433298516626,0.030728851183895033,0.03394112549695428,0.03748170285326546,0.041159660434202126,0.041159660434202126,0.03748170285326546,0.03394112549695428,0.030728851183895033,0.027899433298516626,0.025439949120152638,0.02331086069657434,0.021466252583997984,0.01986254132645683,0.018461538461538463],[0.018973665961010275,0.020504583785202264,0.022283440581246223,0.02436830796320686,0.026832815729997475,0.02976833630141003,0.033282011773513746,0.03748170285326546,0.042426406871192854,0.047999999999999994,0.047999999999999994,0.042426406871192854,0.03748170285326546,0.033282011773513746,0.02976833630141003,0.026832815729997475,0.02436830796320686,0.022283440581246223,0.020504583785202264,0.018973665961010275],[0.019402850002906636,0.0210493924633687,0.022987830845307634,0.025298221281347035,0.028089875327071336,0.031513543886333414,0.03577708763999664,0.041159660434202126,0.047999999999999994,0.0565685424949238,0.0565685424949238,0.047999999999999994,0.041159660434202126,0.03577708763999664,0.031513543886333414,0.028089875327071336,0.025298221281347035,0.022987830845307634,0.0210493924633687,0.019402850002906636],[0.019402850002906636,0.0210493924633687,0.022987830845307634,0.025298221281347035,0.028089875327071336,0.031513543886333414,0.03577708763999664,0.041159660434202126,0.047999999999999994,0.0565685424949238,0.0565685424949238,0.047999999999999994,0.041159660434202126,0.03577708763999664,0.031513543886333414,0.028089875327071336,0.025298221281347035,0.022987830845307634,0.0210493924633687,0.019402850002906636],[0.018973665961010275,0.020504583785202264,0.022283440581246223,0.02436830796320686,0.026832815729997475,0.02976833630141003,0.033282011773513746,0.03748170285326546,0.042426406871192854,0.047999999999999994,0.047999999999999994,0.042426406871192854,0.03748170285326546,0.033282011773513746,0.02976833630141003,0.026832815729997475,0.02436830796320686,0.022283440581246223,0.020504583785202264,0.018973665961010275],[0.018461538461538463,0.01986254132645683,0.021466252583997984,0.02331086069657434,0.025439949120152638,0.027899433298516626,0.030728851183895033,0.03394112549695428,0.03748170285326546,0.041159660434202126,0.041159660434202126,0.03748170285326546,0.03394112549695428,0.030728851183895033,0.027899433298516626,0.025439949120152638,0.02331086069657434,0.021466252583997984,0.01986254132645683,0.018461538461538463],[0.01788854381999832,0.019154085227222933,0.020579830217101063,0.022188007849009164,0.023999999999999997,0.02603165493823874,0.0282842712474619,0.030728851183895033,0.033282011773513746,0.03577708763999664,0.03577708763999664,0.033282011773513746,0.030728851183895033,0.0282842712474619,0.02603165493823874,0.023999999999999997,0.022188007849009164,0.020579830217101063,0.019154085227222933,0.01788854381999832],[0.01727557801796867,0.018407159732336892,0.01966156609245697,0.0210493924633687,0.02257730084120634,0.024243661069253058,0.02603165493823874,0.027899433298516626,0.02976833630141003,0.031513543886333414,0.031513543886333414,0.02976833630141003,0.027899433298516626,0.02603165493823874,0.024243661069253058,0.02257730084120634,0.0210493924633687,0.01966156609245697,0.018407159732336892,0.01727557801796867],[0.016641005886756873,0.017645150930251388,0.01874085142663273,0.019930915164897593,0.021213203435596427,0.02257730084120634,0.023999999999999997,0.025439949120152638,0.026832815729997475,0.028089875327071336,0.028089875327071336,0.026832815729997475,0.025439949120152638,0.023999999999999997,0.02257730084120634,0.021213203435596427,0.019930915164897593,0.01874085142663273,0.017645150930251388,0.016641005886756873],[0.016,0.016886341073527007,0.017839059509931993,0.018856180831641266,0.019930915164897593,0.0210493924633687,0.022188007849009164,0.02331086069657434,0.02436830796320686,0.025298221281347035,0.025298221281347035,0.02436830796320686,0.02331086069657434,0.022188007849009164,0.0210493924633687,0.019930915164897593,0.018856180831641266,0.017839059509931993,0.016886341073527007,0.016],[0.015364425591947516,0.016144147055911502,0.016970562748477143,0.017839059509931993,0.01874085142663273,0.01966156609245697,0.020579830217101063,0.021466252583997984,0.022283440581246223,0.022987830845307634,0.022987830845307634,0.022283440581246223,0.021466252583997984,0.020579830217101063,0.01966156609245697,0.01874085142663273,0.017839059509931993,0.016970562748477143,0.016144147055911502,0.015364425591947516],[0.01474308280401483,0.0154277843167974,0.016144147055911502,0.016886341073527007,0.017645150930251388,0.018407159732336892,0.019154085227222933,0.01986254132645683,0.020504583785202264,0.0210493924633687,0.0210493924633687,0.020504583785202264,0.01986254132645683,0.019154085227222933,0.018407159732336892,0.017645150930251388,0.016886341073527007,0.016144147055911502,0.0154277843167974,0.01474308280401483],[0.01414213562373095,0.01474308280401483,0.015364425591947516,0.016,0.016641005886756873,0.01727557801796867,0.01788854381999832,0.018461538461538463,0.018973665961010275,0.019402850002906636,0.019402850002906636,0.018973665961010275,0.018461538461538463,0.01788854381999832,0.01727557801796867,0.016641005886756873,0.016,0.015364425591947516,0.01474308280401483,0.01414213562373095]],\"type\":\"contour\"},{\"line\":{\"color\":\"black\",\"width\":1.2},\"mode\":\"lines\",\"x\":[2.5e-05,2.5e-05,null,2.022542485937369e-05,1.4347572336448957e-05,null,7.725424859373687e-06,-1.7851403035778487e-06,null,-7.725424859373683e-06,-1.7235990022325222e-05,null,-2.0225424859373686e-05,-2.610327738229842e-05,null,-2.5e-05,-2.5e-05,null,-2.022542485937369e-05,-1.4347572336448959e-05,null,-7.72542485937369e-06,1.7851403035778453e-06,null,7.725424859373682e-06,1.723599002232522e-05,null,2.0225424859373686e-05,2.610327738229842e-05,null,2.6710100716628346e-05,2.5e-05,2.3289899283371656e-05,null,1.8492760199224166e-05,1.4347572336448957e-05,1.572575911553395e-05,null,3.2118138315176297e-06,-1.7851403035778487e-06,2.1549134644557605e-06,null,-1.3295936254291611e-05,-1.7235990022325222e-05,-1.2239035887229741e-05,null,-2.472509060321342e-05,-2.610327738229842e-05,-2.195808951952321e-05,null,-2.6710100716628346e-05,-2.5e-05,-2.3289899283371656e-05,null,-1.8492760199224166e-05,-1.4347572336448959e-05,-1.5725759115533955e-05,null,-3.211813831517633e-06,1.7851403035778453e-06,-2.154913464455764e-06,null,1.3295936254291608e-05,1.723599002232522e-05,1.223903588722974e-05,null,2.4725090603213423e-05,2.610327738229842e-05,2.1958089519523212e-05,null],\"y\":[0.0,1e-05,null,1.4694631307311828e-05,2.2784801251061306e-05,null,2.3776412907378838e-05,2.6866582851128313e-05,null,2.377641290737884e-05,2.0686242963629367e-05,null,1.4694631307311832e-05,6.604461363562358e-06,null,3.061616997868383e-21,-9.999999999999997e-06,null,-1.4694631307311827e-05,-2.2784801251061303e-05,null,-2.3776412907378838e-05,-2.6866582851128313e-05,null,-2.377641290737884e-05,-2.068624296362937e-05,null,-1.4694631307311835e-05,-6.604461363562361e-06,null,5.301536896070458e-06,1e-05,5.301536896070459e-06,null,1.998883673370757e-05,2.2784801251061306e-05,1.7978492771369712e-05,null,2.7041080334640816e-05,2.6866582851128313e-05,2.3788275474500023e-05,null,2.376455034025766e-05,2.0686242963629367e-05,2.0511745480116864e-05,null,1.1410769843253952e-05,6.604461363562358e-06,9.40042588091609e-06,null,-5.301536896070455e-06,-9.999999999999997e-06,-5.3015368960704545e-06,null,-1.9988836733707568e-05,-2.2784801251061303e-05,-1.797849277136971e-05,null,-2.7041080334640816e-05,-2.6866582851128313e-05,-2.3788275474500023e-05,null,-2.376455034025766e-05,-2.068624296362937e-05,-2.0511745480116864e-05,null,-1.1410769843253955e-05,-6.604461363562361e-06,-9.400425880916095e-06,null],\"type\":\"scatter\"},{\"line\":{\"color\":\"black\",\"width\":1.2},\"mode\":\"lines\",\"x\":[4.166666666666667e-05,4.166666666666667e-05,null,3.9978873900604065e-05,3.8288478559555485e-05,null,3.505223053463256e-05,3.1808385629898976e-05,null,2.7285863914386884e-05,2.2751366468261335e-05,null,1.7308958875078603e-05,1.1851166902951494e-05,null,5.929784928053548e-06,-9.143723232047158e-09,null,-5.9297849280535426e-06,-1.1868713579339137e-05,null,-1.73089588750786e-05,-2.276675084720571e-05,null,-2.7285863914386877e-05,-3.1820361360512426e-05,null,-3.505223053463255e-05,-3.829607543936614e-05,null,-3.9978873900604065e-05,-4.1669269241652645e-05,null,-4.166666666666667e-05,-4.166666666666667e-05,null,-3.9978873900604065e-05,-3.828847855955549e-05,null,-3.505223053463256e-05,-3.1808385629898976e-05,null,-2.7285863914386887e-05,-2.275136646826134e-05,null,-1.7308958875078603e-05,-1.1851166902951492e-05,null,-5.929784928053552e-06,9.143723232042922e-09,null,5.929784928053537e-06,1.1868713579339132e-05,null,1.730895887507859e-05,2.2766750847205698e-05,null,2.728586391438689e-05,3.182036136051244e-05,null,3.505223053463256e-05,3.829607543936614e-05,null,3.9978873900604065e-05,4.1669269241652645e-05,null,4.269272709664368e-05,4.166666666666667e-05,4.0640606236689664e-05,null,4.0067202346719405e-05,3.8288478559555485e-05,3.809820680058579e-05,null,3.419567115149147e-05,3.1808385629898976e-05,3.24693172282586e-05,null,2.5553810049056655e-05,2.2751366468261335e-05,2.4209956676562742e-05,null,1.484173123080732e-05,1.1851166902951494e-05,1.3989249417088082e-05,null,2.9272636154122875e-06,-9.143723232047158e-09,2.6352163671106983e-06,null,-9.224353488996392e-06,-1.1868713579339137e-05,-8.932306240694802e-06,null,-2.0628668333069124e-05,-2.276675084720571e-05,-1.9776186519349883e-05,null,-3.036177115221102e-05,-3.1820361360512426e-05,-2.9017917779717106e-05,null,-3.763514384100652e-05,-3.829607543936614e-05,-3.590878991777364e-05,null,-4.185954100062234e-05,-4.1669269241652645e-05,-3.9890545454488725e-05,null,-4.269272709664368e-05,-4.166666666666667e-05,-4.0640606236689664e-05,null,-4.006720234671941e-05,-3.828847855955549e-05,-3.80982068005858e-05,null,-3.419567115149147e-05,-3.1808385629898976e-05,-3.24693172282586e-05,null,-2.555381004905666e-05,-2.275136646826134e-05,-2.4209956676562745e-05,null,-1.4841731230807319e-05,-1.1851166902951492e-05,-1.3989249417088082e-05,null,-2.9272636154122935e-06,9.143723232042922e-09,-2.635216367110702e-06,null,9.224353488996387e-06,1.1868713579339132e-05,8.932306240694797e-06,null,2.062866833306911e-05,2.2766750847205698e-05,1.9776186519349873e-05,null,3.0361771152211033e-05,3.182036136051244e-05,2.901791777971712e-05,null,3.763514384100652e-05,3.829607543936614e-05,3.590878991777364e-05,null,4.185954100062234e-05,4.1669269241652645e-05,3.9890545454488725e-05,null],\"y\":[0.0,5.999999999999999e-06,null,1.1738856535059571e-05,1.7495814376746554e-05,null,2.252670072731657e-05,2.7574221924303655e-05,null,3.14895655980941e-05,3.541873000176581e-05,null,3.79013331397716e-05,4.039382321778292e-05,null,4.12425600783722e-05,4.2096449108011906e-05,null,4.1242560078372206e-05,4.03886710487325e-05,null,3.790133313977161e-05,3.540884306176029e-05,null,3.14895655980941e-05,2.756040119442239e-05,null,2.2526700727316576e-05,1.747917953032949e-05,null,1.1738856535059571e-05,5.9818986933725874e-06,null,5.102694996447306e-21,-5.999999999999994e-06,null,-1.1738856535059559e-05,-1.749581437674654e-05,null,-2.252670072731657e-05,-2.7574221924303655e-05,null,-3.148956559809409e-05,-3.54187300017658e-05,null,-3.790133313977161e-05,-4.039382321778293e-05,null,-4.12425600783722e-05,-4.209644910801191e-05,null,-4.1242560078372206e-05,-4.03886710487325e-05,null,-3.790133313977161e-05,-3.540884306176029e-05,null,-3.148956559809409e-05,-2.7560401194422383e-05,null,-2.2526700727316562e-05,-1.7479179530329476e-05,null,-1.1738856535059576e-05,-5.9818986933725925e-06,null,3.1809221376422742e-06,5.999999999999999e-06,3.1809221376422746e-06,null,1.508000360415338e-05,1.7495814376746554e-05,1.4501854347330902e-05,null,2.5757392862890654e-05,2.7574221924303655e-05,2.4647932563647435e-05,null,3.434807133699019e-05,3.541873000176581e-05,3.2797181870556455e-05,null,4.0156073347212554e-05,4.039382321778292e-05,3.8289398554663955e-05,null,4.271086911220748e-05,4.2096449108011906e-05,4.067963588369386e-05,null,4.1805484273050545e-05,4.03886710487325e-05,3.977425104453693e-05,null,3.751326772487926e-05,3.540884306176029e-05,3.564659293233066e-05,null,3.0181949325631744e-05,2.756040119442239e-05,2.8631059859198006e-05,null,2.040546889098571e-05,1.747917953032949e-05,1.9296008591742487e-05,null,8.97585872278824e-06,5.9818986933725874e-06,8.397709465965762e-06,null,-3.1809221376422696e-06,-5.999999999999994e-06,-3.180922137642269e-06,null,-1.5080003604153366e-05,-1.749581437674654e-05,-1.450185434733089e-05,null,-2.5757392862890654e-05,-2.7574221924303655e-05,-2.4647932563647435e-05,null,-3.4348071336990186e-05,-3.54187300017658e-05,-3.279718187055645e-05,null,-4.015607334721256e-05,-4.039382321778293e-05,-3.828939855466396e-05,null,-4.2710869112207484e-05,-4.209644910801191e-05,-4.0679635883693866e-05,null,-4.1805484273050545e-05,-4.03886710487325e-05,-3.977425104453693e-05,null,-3.751326772487926e-05,-3.540884306176029e-05,-3.564659293233066e-05,null,-3.0181949325631737e-05,-2.7560401194422383e-05,-2.8631059859198e-05,null,-2.0405468890985696e-05,-1.7479179530329476e-05,-1.9296008591742477e-05,null,-8.975858722788245e-06,-5.9818986933725925e-06,-8.397709465965767e-06,null],\"type\":\"scatter\"},{\"line\":{\"color\":\"black\",\"width\":1.2},\"mode\":\"lines\",\"x\":[5.833333333333333e-05,5.833333333333333e-05,null,5.734009748156094e-05,5.6552599548061354e-05,null,5.4394213381920756e-05,5.284603481254724e-05,null,4.959599958422749e-05,4.733986174332454e-05,null,4.310885350453845e-05,4.0221586460338917e-05,null,3.515368712212329e-05,3.173361329092227e-05,null,2.6001404086964733e-05,2.2164989981157323e-05,null,1.5963674420871495e-05,1.1841564521559413e-05,null,5.382320968692618e-06,1.1148887845710417e-06,null,-5.38232096869261e-06,-9.649753152814188e-06,null,-1.59636744208715e-05,-2.0085784320183583e-05,null,-2.600140408696473e-05,-2.983781819277214e-05,null,-3.5153687122123286e-05,-3.857376095332431e-05,null,-4.310885350453844e-05,-4.5996120548737975e-05,null,-4.959599958422749e-05,-5.185213742513044e-05,null,-5.4394213381920756e-05,-5.594239195129427e-05,null,-5.734009748156094e-05,-5.8127595415060525e-05,null,-5.833333333333333e-05,-5.833333333333333e-05,null,-5.734009748156094e-05,-5.6552599548061354e-05,null,-5.439421338192075e-05,-5.2846034812547236e-05,null,-4.959599958422749e-05,-4.733986174332454e-05,null,-4.310885350453845e-05,-4.0221586460338917e-05,null,-3.51536871221233e-05,-3.1733613290922274e-05,null,-2.600140408696472e-05,-2.2164989981157306e-05,null,-1.5963674420871515e-05,-1.1841564521559433e-05,null,-5.382320968692612e-06,-1.114888784571035e-06,null,5.38232096869259e-06,9.649753152814168e-06,null,1.5963674420871495e-05,2.0085784320183577e-05,null,2.6001404086964746e-05,2.9837818192772156e-05,null,3.515368712212328e-05,3.8573760953324304e-05,null,4.3108853504538456e-05,4.599612054873799e-05,null,4.959599958422748e-05,5.1852137425130436e-05,null,5.4394213381920756e-05,5.594239195129427e-05,null,5.734009748156094e-05,5.8127595415060525e-05,null,5.906623364045977e-05,5.833333333333333e-05,5.7600433026206896e-05,null,5.7643023833213564e-05,5.6552599548061354e-05,5.6202181259902854e-05,null,5.425684998451415e-05,5.284603481254724e-05,5.289003161787951e-05,null,4.902302418351111e-05,4.733986174332454e-05,4.777677538371033e-05,null,4.211977809057543e-05,4.0221586460338917e-05,4.103653836577504e-05,null,3.3782193471870946e-05,3.173361329092227e-05,3.289885125169618e-05,null,2.4294196771757076e-05,2.2164989981157323e-05,2.3640833216063762e-05,null,1.3978890338258434e-05,1.1841564521559413e-05,1.3577754959312499e-05,null,3.187549560121417e-06,1.1148887845710417e-06,3.0523025421440033e-06,null,-7.712339395241224e-06,-9.649753152814188e-06,-7.577092377263813e-06,null,-1.8349593882430497e-05,-2.0085784320183583e-05,-1.794845850348456e-05,null,-2.83619749578657e-05,-2.983781819277214e-05,-2.7708611402172386e-05,null,-3.7408522992550395e-05,-3.857376095332431e-05,-3.652518077237563e-05,null,-4.5181168643301845e-05,-4.5996120548737975e-05,-4.409792891850146e-05,null,-5.1415223784744656e-05,-5.185213742513044e-05,-5.016897498494387e-05,null,-5.5898395145962005e-05,-5.594239195129427e-05,-5.453157677932736e-05,null,-5.8478013703219025e-05,-5.8127595415060525e-05,-5.7037171129908316e-05,null,-5.906623364045977e-05,-5.833333333333333e-05,-5.7600433026206896e-05,null,-5.7643023833213564e-05,-5.6552599548061354e-05,-5.6202181259902854e-05,null,-5.4256849984514146e-05,-5.2846034812547236e-05,-5.28900316178795e-05,null,-4.902302418351111e-05,-4.733986174332454e-05,-4.777677538371033e-05,null,-4.211977809057543e-05,-4.0221586460338917e-05,-4.103653836577504e-05,null,-3.378219347187095e-05,-3.1733613290922274e-05,-3.289885125169619e-05,null,-2.429419677175706e-05,-2.2164989981157306e-05,-2.364083321606375e-05,null,-1.3978890338258454e-05,-1.1841564521559433e-05,-1.357775495931252e-05,null,-3.1875495601214096e-06,-1.114888784571035e-06,-3.0523025421439987e-06,null,7.712339395241203e-06,9.649753152814168e-06,7.577092377263793e-06,null,1.834959388243049e-05,2.0085784320183577e-05,1.7948458503484554e-05,null,2.8361974957865717e-05,2.9837818192772156e-05,2.7708611402172403e-05,null,3.740852299255039e-05,3.8573760953324304e-05,3.6525180772375625e-05,null,4.5181168643301865e-05,4.599612054873799e-05,4.4097928918501474e-05,null,5.141522378474464e-05,5.1852137425130436e-05,5.0168974984943866e-05,null,5.5898395145962005e-05,5.594239195129427e-05,5.453157677932736e-05,null,5.8478013703219025e-05,5.8127595415060525e-05,5.7037171129908316e-05,null],\"y\":[0.0,4.285714285714286e-06,null,1.071872187263327e-05,1.493146372842142e-05,null,2.107243052758392e-05,2.5068740082174016e-05,null,3.070854283451242e-05,3.435233055906791e-05,null,3.929891254604917e-05,4.2466093619852e-05,null,4.655100492468063e-05,4.913372479487745e-05,null,5.221785866237864e-05,5.4128165901420945e-05,null,5.610649585174778e-05,5.727933723777099e-05,null,5.808449361721034e-05,5.847992944348164e-05,null,5.808449361721035e-05,5.7689057790939056e-05,null,5.610649585174778e-05,5.4933654465724566e-05,null,5.221785866237864e-05,5.030755142333633e-05,null,4.655100492468064e-05,4.3968285054483825e-05,null,3.9298912546049185e-05,3.6131731472246364e-05,null,3.070854283451242e-05,2.706475510995693e-05,null,2.107243052758392e-05,1.7076120972993826e-05,null,1.0718721872633272e-05,6.505980016845121e-06,null,7.143772995026227e-21,-4.2857142857142795e-06,null,-1.0718721872633256e-05,-1.4931463728421407e-05,null,-2.107243052758393e-05,-2.506874008217403e-05,null,-3.0708542834512425e-05,-3.435233055906792e-05,null,-3.929891254604917e-05,-4.2466093619852e-05,null,-4.655100492468063e-05,-4.913372479487745e-05,null,-5.2217858662378645e-05,-5.412816590142095e-05,null,-5.610649585174778e-05,-5.727933723777099e-05,null,-5.808449361721035e-05,-5.847992944348164e-05,null,-5.808449361721035e-05,-5.7689057790939056e-05,null,-5.610649585174778e-05,-5.4933654465724566e-05,null,-5.221785866237863e-05,-5.0307551423336325e-05,null,-4.655100492468065e-05,-4.396828505448383e-05,null,-3.9298912546049165e-05,-3.6131731472246336e-05,null,-3.0708542834512446e-05,-2.7064755109956958e-05,null,-2.1072430527583928e-05,-1.7076120972993833e-05,null,-1.0718721872633253e-05,-6.505980016845102e-06,null,2.2720872411730535e-06,4.285714285714286e-06,2.272087241173054e-06,null,1.308679258888349e-05,1.493146372842142e-05,1.2817452432799293e-05,null,2.345584291085718e-05,2.5068740082174016e-05,2.292633465466632e-05,null,3.302613263468442e-05,3.435233055906791e-05,3.225448804697633e-05,null,4.147175702211765e-05,4.2466093619852e-05,4.0484253533841044e-05,null,4.850511046405278e-05,4.913372479487745e-05,4.7335376322121035e-05,null,5.38866805446024e-05,5.4128165901420945e-05,5.2574549642277535e-05,null,5.743320434915526e-05,5.727933723777099e-05,5.602335973058839e-05,null,5.9023909263133794e-05,5.847992944348164e-05,5.7564361495887965e-05,null,5.860462573853273e-05,5.7689057790939056e-05,5.7145077971286894e-05,null,5.6189631972907166e-05,5.4933654465724566e-05,5.4779787354340294e-05,null,5.186116768247974e-05,5.030755142333633e-05,5.054903678015488e-05,null,4.576663352724024e-05,4.3968285054483825e-05,4.4596899385308495e-05,null,3.811357155825731e-05,3.6131731472246364e-05,3.712606806998071e-05,null,2.916259762204851e-05,2.706475510995693e-05,2.8390953034340418e-05,null,1.921852640050152e-05,1.7076120972993826e-05,1.8689018144310663e-05,null,8.619991312467248e-06,6.505980016845121e-06,8.350651156383052e-06,null,-2.272087241173047e-06,-4.2857142857142795e-06,-2.2720872411730467e-06,null,-1.3086792588883476e-05,-1.4931463728421407e-05,-1.281745243279928e-05,null,-2.345584291085719e-05,-2.506874008217403e-05,-2.292633465466633e-05,null,-3.302613263468443e-05,-3.435233055906792e-05,-3.2254488046976334e-05,null,-4.147175702211765e-05,-4.2466093619852e-05,-4.0484253533841044e-05,null,-4.850511046405278e-05,-4.913372479487745e-05,-4.7335376322121035e-05,null,-5.388668054460241e-05,-5.412816590142095e-05,-5.257454964227754e-05,null,-5.743320434915526e-05,-5.727933723777099e-05,-5.602335973058839e-05,null,-5.90239092631338e-05,-5.847992944348164e-05,-5.7564361495887965e-05,null,-5.860462573853273e-05,-5.7689057790939056e-05,-5.7145077971286894e-05,null,-5.6189631972907166e-05,-5.4933654465724566e-05,-5.4779787354340294e-05,null,-5.1861167682479735e-05,-5.0307551423336325e-05,-5.054903678015487e-05,null,-4.5766633527240246e-05,-4.396828505448383e-05,-4.45968993853085e-05,null,-3.811357155825729e-05,-3.6131731472246336e-05,-3.7126068069980686e-05,null,-2.9162597622048538e-05,-2.7064755109956958e-05,-2.8390953034340445e-05,null,-1.9218526400501528e-05,-1.7076120972993833e-05,-1.868901814431067e-05,null,-8.61999131246723e-06,-6.505980016845102e-06,-8.350651156383033e-06,null],\"type\":\"scatter\"},{\"line\":{\"color\":\"black\",\"width\":1.2},\"mode\":\"lines\",\"x\":[7.500000000000001e-05,7.500000000000001e-05,null,7.430144595272481e-05,7.3847557122404e-05,null,7.221879655108494e-05,7.131947398056153e-05,null,6.879084761290899e-05,6.746284398008818e-05,null,6.408145534098665e-05,6.234950884086854e-05,null,5.81783468028315e-05,5.6074720321744654e-05,null,5.119148574139907e-05,4.875536586047199e-05,null,4.3251024158615046e-05,4.052779118191357e-05,null,3.4504877829836416e-05,3.154526043516183e-05,null,2.5115970912823974e-05,2.1975101172427907e-05,null,1.525920097894755e-05,1.1995587353339806e-05,null,5.118181002350326e-06,1.7926184383818621e-06,null,-5.118181002350317e-06,-8.443743566318781e-06,null,-1.5259200978947525e-05,-1.8522814604555268e-05,null,-2.5115970912823964e-05,-2.825684065322003e-05,null,-3.450487782983641e-05,-3.7464495224510995e-05,null,-4.325102415861503e-05,-4.597425713531651e-05,null,-5.1191485741399047e-05,-5.3627605622326126e-05,null,-5.817834680283148e-05,-6.0281973283918325e-05,null,-6.408145534098663e-05,-6.581340184110475e-05,null,-6.879084761290896e-05,-7.011885124572977e-05,null,-7.221879655108494e-05,-7.311811912160836e-05,null,-7.430144595272481e-05,-7.475533478304563e-05,null,-7.500000000000001e-05,-7.500000000000001e-05,null,-7.430144595272481e-05,-7.3847557122404e-05,null,-7.221879655108496e-05,-7.131947398056155e-05,null,-6.879084761290899e-05,-6.746284398008818e-05,null,-6.408145534098666e-05,-6.234950884086855e-05,null,-5.817834680283149e-05,-5.6074720321744654e-05,null,-5.119148574139907e-05,-4.875536586047199e-05,null,-4.3251024158615046e-05,-4.052779118191357e-05,null,-3.4504877829836457e-05,-3.154526043516187e-05,null,-2.511597091282398e-05,-2.1975101172427914e-05,null,-1.5259200978947525e-05,-1.1995587353339782e-05,null,-5.118181002350351e-06,-1.7926184383818875e-06,null,5.118181002350323e-06,8.443743566318788e-06,null,1.5259200978947498e-05,1.852281460455524e-05,null,2.5115970912823957e-05,2.8256840653220025e-05,null,3.4504877829836375e-05,3.746449522451096e-05,null,4.3251024158615026e-05,4.59742571353165e-05,null,5.119148574139902e-05,5.36276056223261e-05,null,5.817834680283147e-05,6.028197328391832e-05,null,6.408145534098665e-05,6.581340184110476e-05,null,6.879084761290896e-05,7.011885124572977e-05,null,7.221879655108494e-05,7.311811912160836e-05,null,7.43014459527248e-05,7.475533478304562e-05,null,7.557003357220945e-05,7.500000000000001e-05,7.442996642779057e-05,null,7.46255393634156e-05,7.3847557122404e-05,7.349609086590202e-05,null,7.229091255322416e-05,7.131947398056153e-05,7.119312219112597e-05,null,6.860964282182551e-05,6.746284398008818e-05,6.756396035248944e-05,null,6.365030525908572e-05,6.234950884086854e-05,6.267620976840831e-05,null,5.7505282940371666e-05,5.6074720321744654e-05,5.662091998428478e-05,null,5.0289046004652215e-05,4.875536586047199e-05,4.951088959174878e-05,null,4.2136019292395214e-05,4.052779118191357e-05,4.147856500431915e-05,null,3.319807826513105e-05,3.154526043516183e-05,3.2673573231317926e-05,null,2.3641719852963817e-05,2.1975101172427907e-05,2.325993460979193e-05,null,1.3644960931787662e-05,1.1995587353339806e-05,1.3413007415971891e-05,null,3.394022205709834e-06,1.7926184383818621e-06,3.316221272376922e-06,null,-6.9201407323237216e-06,-8.443743566318781e-06,-6.8423397989908094e-06,null,-1.7105394541923183e-05,-1.8522814604555268e-05,-1.6873441026107414e-05,null,-2.6972007215856007e-05,-2.825684065322003e-05,-2.659022197268412e-05,null,-3.63361824283549e-05,-3.7464495224510995e-05,-3.581167739454177e-05,null,-4.502348331291093e-05,-4.597425713531651e-05,-4.4366029024834865e-05,null,-5.287208189104933e-05,-5.3627605622326126e-05,-5.20939254781459e-05,null,-5.97357736213782e-05,-6.0281973283918325e-05,-5.885141066529131e-05,null,-6.548670091356497e-05,-6.581340184110475e-05,-6.451260542288756e-05,null,-7.001773487332851e-05,-7.011885124572977e-05,-6.897205240399244e-05,null,-7.324447091104392e-05,-7.311811912160836e-05,-7.214668054894573e-05,null,-7.