{
  "nbformat": 4,
  "nbformat_minor": 0,
  "metadata": {
    "colab": {
      "provenance": [],
      "authorship_tag": "ABX9TyOB/Bk09cTXnS/Ai9Gd+xs7",
      "include_colab_link": true
    },
    "kernelspec": {
      "name": "python3",
      "display_name": "Python 3"
    },
    "language_info": {
      "name": "python"
    }
  },
  "cells": [
    {
      "cell_type": "markdown",
      "metadata": {
        "id": "view-in-github",
        "colab_type": "text"
      },
      "source": [
        "<a href=\"https://colab.research.google.com/github/ghoshatanu857/Instrument_Automation/blob/main/Vector_Magnetometry.ipynb\" target=\"_parent\"><img src=\"https://colab.research.google.com/assets/colab-badge.svg\" alt=\"Open In Colab\"/></a>"
      ]
    },
    {
      "cell_type": "code",
      "source": [
        "import numpy as np\n",
        "from plotly.subplots import make_subplots\n",
        "from plotly import graph_objs as go\n",
        "import plotly.figure_factory as ff"
      ],
      "metadata": {
        "id": "4o2Mwl5B3RAx"
      },
      "execution_count": 65,
      "outputs": []
    },
    {
      "cell_type": "code",
      "source": [
        "fig_template = go.layout.Template()\n",
        "fig_template.layout = {\n",
        "    'template': 'simple_white+presentation',\n",
        "    'autosize': False,\n",
        "    'width': 800,\n",
        "    'height': 600,\n",
        "    # 'opacity': 0.2,\n",
        "    'xaxis': {\n",
        "        'ticks': 'inside',\n",
        "        'mirror': 'ticks',\n",
        "        'linewidth': 1.5+0.5,\n",
        "        'tickwidth': 1.5+0.5,\n",
        "        'ticklen': 6,\n",
        "        'showline': True,\n",
        "        'showgrid': False,\n",
        "        'zerolinecolor': 'white',\n",
        "        },\n",
        "    'yaxis': {\n",
        "        'ticks': 'inside',\n",
        "        'mirror': 'ticks',\n",
        "        'linewidth': 1.5+0.5,\n",
        "        'tickwidth': 1.5+0.5,\n",
        "        'ticklen': 6,\n",
        "        'showline': True,\n",
        "        'showgrid': False,\n",
        "        'zerolinecolor': 'white'\n",
        "        },\n",
        "    'font':{'family':'mathjax',\n",
        "            'size': 22,\n",
        "            }\n",
        "}"
      ],
      "metadata": {
        "id": "M3o8rvblCNv_"
      },
      "execution_count": 66,
      "outputs": []
    },
    {
      "cell_type": "code",
      "source": [
        "def magField(current,distance,xy_points):\n",
        "  if type(xy_points)!=np.ndarray:\n",
        "    field = (4*np.pi*1e-7*current)/(2*np.pi*distance)\n",
        "  else:\n",
        "    field = np.ones((xy_points.shape[1],xy_points.shape[2]))\n",
        "    for i in range(xy_points.shape[1]):\n",
        "      for j in range(xy_points.shape[2]):\n",
        "        x=xy_points[:,i,j]\n",
        "        if (x[0]==0 and x[1]==0):\n",
        "          field[i,j] = None\n",
        "        else:\n",
        "          field[i,j] = (4*np.pi*1e-7*current)/(2*np.pi*np.sqrt(x[0]**2+x[1]**2))\n",
        "  return field"
      ],
      "metadata": {
        "id": "DmBQix4q3WWx"
      },
      "execution_count": 68,
      "outputs": []
    },
    {
      "cell_type": "code",
      "source": [
        "def circle(inner_r,outer_r,circle_points,line_points):\n",
        "  x_array=[]; y_array=[]\n",
        "  x_array.append([points*np.cos(_points) for points,_points in zip(line_points,circle_points)])\n",
        "  y_array.append([points*np.sin(_points) for points,_points in zip(line_points,circle_points)])\n",
        "  return x_array, y_array"
      ],
      "metadata": {
        "id": "8rLh9_P67P_M"
      },
      "execution_count": 69,
      "outputs": []
    },
    {
      "cell_type": "code",
      "source": [
        "wire_radius = 25e-6; distance = 100e-6; wire_current = 10\n",
        "linear_density = 50; init_angle = 0; final_angle = 2*np.pi\n",
        "min_circular_density = 10; point_addition = 1\n",
        "\n",
        "linear_points = np.linspace(wire_radius, distance, linear_density)\n",
        "circular_points=[]; circular_angles=[]\n",
        "[circular_points.append(int(min_circular_density + circular_density*point_addition)) for circular_density in range(linear_density)]\n",
        "circular_points = np.array(circular_points)\n",
        "if np.all(circular_points)==False:\n",
        "  raise Exception('Check the values of circular_points')\n",
        "circular_angles = [np.linspace(init_angle, final_angle, _points, endpoint=False) for _points in circular_points]\n",
        "\n",
        "mag_field = magField(current=wire_current, xy_points=False,distance=linear_points)\n",
        "x_points, y_points = circle(wire_radius, distance, circular_angles, line_points=linear_points)"
      ],
      "metadata": {
        "id": "6QkYGLXs6DXp"
      },
      "execution_count": 70,
      "outputs": []
    },
    {
      "cell_type": "code",
      "source": [
        "circular_points"
      ],
      "metadata": {
        "colab": {
          "base_uri": "https://localhost:8080/"
        },
        "id": "nSOgju3jRbdJ",
        "outputId": "a3c55b9e-3dd8-483c-f992-06dfaf90cd39"
      },
      "execution_count": 71,
      "outputs": [
        {
          "output_type": "execute_result",
          "data": {
            "text/plain": [
              "array([10, 11, 12, 13, 14, 15, 16, 17, 18, 19, 20, 21, 22, 23, 24, 25, 26,\n",
              "       27, 28, 29, 30, 31, 32, 33, 34, 35, 36, 37, 38, 39, 40, 41, 42, 43,\n",
              "       44, 45, 46, 47, 48, 49, 50, 51, 52, 53, 54, 55, 56, 57, 58, 59])"
            ]
          },
          "metadata": {},
          "execution_count": 71
        }
      ]
    },
    {
      "cell_type": "code",
      "source": [
        "inside_points = np.zeros((10))\n",
        "linear_point = np.concatenate((-linear_points[::-1],inside_points,linear_points))\n",
        "# linear_point = np.concatenate((-linear_points[::-1],linear_points))\n",
        "\n",
        "X, Y = np.meshgrid(linear_point, linear_point)\n",
        "radius = np.sqrt(X**2 + Y**2)\n",
        "\n",
        "# B = magField(current=wire_current, distance=radius, xy_points=False)\n",
        "B = magField(current=wire_current, distance=radius, xy_points=np.array([X,Y]))"
      ],
      "metadata": {
        "id": "73TtLNn9m3EF"
      },
      "execution_count": 91,
      "outputs": []
    },
    {
      "cell_type": "code",
      "source": [
        "fig = go.Figure(data=go.Contour(x=linear_point,y=linear_point,z=B,contours_coloring='heatmap',\n",
        "                                connectgaps = True,line_smoothing=1,colorbar=dict(title='Magnetic Field',titleside='right'),colorscale=None))\n",
        "fig.update_traces(line_width=0)\n",
        "fig.add_trace(go.Scatter(x=wire_radius*np.cos(np.linspace(0,2*np.pi,100)), y=wire_radius*np.sin(np.linspace(0,2*np.pi,100)),\n",
        "                         mode='lines', line=dict(color='yellow', width=0.5),fill = 'tonexty',fillcolor = 'rgba(135, 206, 250, 0.3)'))\n",
        "\n",
        "for radi in range(0,len(x_points[0]),10):\n",
        "    x = x_points[0][radi]; y = y_points[0][radi]\n",
        "    u = -y; v = x\n",
        "    fig1 = ff.create_quiver(x, y, u, v, scale=125e-6*mag_field[radi]/linear_points[radi], arrow_scale=0.5, scaleratio=1.0, angle=np.pi/9, line=dict(width=1.2, color='black'))\n",
        "    fig.add_traces(data=fig1.data)\n",
        "\n",
        "fig.add_trace(go.Scatter(x=[0], y=[0], mode='markers', marker_size=15, marker=dict(color='yellow')))\n",
        "fig.add_trace(go.Scatter(x=linear_point, y=-wire_radius*np.ones(linear_point.shape[0]), mode='lines', marker=dict(color='yellow'),fill=None))\n",
        "fig.add_trace(go.Scatter(x=linear_point, y=-distance*np.ones(linear_point.shape[0]), mode='lines', marker=dict(color='grey'),\n",
        "                         fill='tonexty',fillcolor = 'rgba(255, 255, 255, 0.4)'))\n",
        "\n",
        "fig.update_layout(showlegend=False)\n",
        "fig.update_layout(template=fig_template, title = 'Magnetic Field vs Radial Distance',width=800, height=600)\n",
        "fig.update_xaxes(range = [-distance,distance]); fig.update_yaxes(range = [-distance,distance])\n",
        "fig.show()"
      ],
      "metadata": {
        "colab": {
          "base_uri": "https://localhost:8080/",
          "height": 617
        },
        "id": "vAJNR9Kr47Zr",
        "outputId": "cbd4150e-1057-476e-a08f-d5dcacf3abff"
      },
      "execution_count": 115,
      "outputs": [
        {
          "output_type": "display_data",
          "data": {
            "text/html": [
              "<html>\n",
              "<head><meta charset=\"utf-8\" /></head>\n",
              "<body>\n",
              "    <div>            <script src=\"https://cdnjs.cloudflare.com/ajax/libs/mathjax/2.7.5/MathJax.js?config=TeX-AMS-MML_SVG\"></script><script type=\"text/javascript\">if (window.MathJax && window.MathJax.Hub && window.MathJax.Hub.Config) {window.MathJax.Hub.Config({SVG: {font: \"STIX-Web\"}});}</script>                <script type=\"text/javascript\">window.PlotlyConfig = {MathJaxConfig: 'local'};</script>\n",
              "        <script charset=\"utf-8\" src=\"https://cdn.plot.ly/plotly-2.24.1.min.js\"></script>                <div id=\"8da782c9-a5c2-4761-a208-4f81f9e27ac2\" class=\"plotly-graph-div\" style=\"height:600px; width:800px;\"></div>            <script type=\"text/javascript\">                                    window.PLOTLYENV=window.PLOTLYENV || {};                                    if (document.getElementById(\"8da782c9-a5c2-4761-a208-4f81f9e27ac2\")) {                    Plotly.newPlot(                        \"8da782c9-a5c2-4761-a208-4f81f9e27ac2\",                        [{\"colorbar\":{\"title\":{\"side\":\"right\",\"text\":\"Magnetic Field\"}},\"connectgaps\":true,\"contours\":{\"coloring\":\"heatmap\"},\"line\":{\"smoothing\":1,\"width\":0},\"x\":[-0.0001,-9.846938775510204e-05,-9.693877551020408e-05,-9.540816326530612e-05,-9.387755102040817e-05,-9.234693877551021e-05,-9.081632653061225e-05,-8.928571428571429e-05,-8.775510204081632e-05,-8.622448979591836e-05,-8.469387755102041e-05,-8.316326530612245e-05,-8.163265306122449e-05,-8.010204081632653e-05,-7.857142857142858e-05,-7.704081632653062e-05,-7.551020408163266e-05,-7.39795918367347e-05,-7.244897959183673e-05,-7.091836734693878e-05,-6.938775510204082e-05,-6.785714285714286e-05,-6.63265306122449e-05,-6.479591836734694e-05,-6.326530612244899e-05,-6.173469387755103e-05,-6.0204081632653065e-05,-5.8673469387755104e-05,-5.714285714285714e-05,-5.561224489795918e-05,-5.408163265306123e-05,-5.255102040816327e-05,-5.102040816326531e-05,-4.9489795918367346e-05,-4.795918367346939e-05,-4.6428571428571436e-05,-4.4897959183673474e-05,-4.336734693877551e-05,-4.183673469387755e-05,-4.030612244897959e-05,-3.8775510204081634e-05,-3.724489795918368e-05,-3.571428571428572e-05,-3.4183673469387755e-05,-3.265306122448979e-05,-3.112244897959184e-05,-2.959183673469388e-05,-2.806122448979592e-05,-2.653061224489796e-05,-2.5e-05,0.0,0.0,0.0,0.0,0.0,0.0,0.0,0.0,0.0,0.0,2.5e-05,2.653061224489796e-05,2.806122448979592e-05,2.959183673469388e-05,3.112244897959184e-05,3.265306122448979e-05,3.4183673469387755e-05,3.571428571428572e-05,3.724489795918368e-05,3.8775510204081634e-05,4.030612244897959e-05,4.183673469387755e-05,4.336734693877551e-05,4.4897959183673474e-05,4.6428571428571436e-05,4.795918367346939e-05,4.9489795918367346e-05,5.102040816326531e-05,5.255102040816327e-05,5.408163265306123e-05,5.561224489795918e-05,5.714285714285714e-05,5.8673469387755104e-05,6.0204081632653065e-05,6.173469387755103e-05,6.326530612244899e-05,6.479591836734694e-05,6.63265306122449e-05,6.785714285714286e-05,6.938775510204082e-05,7.091836734693878e-05,7.244897959183673e-05,7.39795918367347e-05,7.551020408163266e-05,7.704081632653062e-05,7.857142857142858e-05,8.010204081632653e-05,8.163265306122449e-05,8.316326530612245e-05,8.469387755102041e-05,8.622448979591836e-05,8.775510204081632e-05,8.928571428571429e-05,9.081632653061225e-05,9.234693877551021e-05,9.387755102040817e-05,9.540816326530612e-05,9.693877551020408e-05,9.846938775510204e-05,0.0001],\"y\":[-0.0001,-9.846938775510204e-05,-9.693877551020408e-05,-9.540816326530612e-05,-9.387755102040817e-05,-9.234693877551021e-05,-9.081632653061225e-05,-8.928571428571429e-05,-8.775510204081632e-05,-8.622448979591836e-05,-8.469387755102041e-05,-8.316326530612245e-05,-8.163265306122449e-05,-8.010204081632653e-05,-7.857142857142858e-05,-7.704081632653062e-05,-7.551020408163266e-05,-7.39795918367347e-05,-7.244897959183673e-05,-7.091836734693878e-05,-6.938775510204082e-05,-6.785714285714286e-05,-6.63265306122449e-05,-6.479591836734694e-05,-6.326530612244899e-05,-6.173469387755103e-05,-6.0204081632653065e-05,-5.8673469387755104e-05,-5.714285714285714e-05,-5.561224489795918e-05,-5.408163265306123e-05,-5.255102040816327e-05,-5.102040816326531e-05,-4.9489795918367346e-05,-4.795918367346939e-05,-4.6428571428571436e-05,-4.4897959183673474e-05,-4.336734693877551e-05,-4.183673469387755e-05,-4.030612244897959e-05,-3.8775510204081634e-05,-3.724489795918368e-05,-3.571428571428572e-05,-3.4183673469387755e-05,-3.265306122448979e-05,-3.112244897959184e-05,-2.959183673469388e-05,-2.806122448979592e-05,-2.653061224489796e-05,-2.5e-05,0.0,0.0,0.0,0.0,0.0,0.0,0.0,0.0,0.0,0.0,2.5e-05,2.653061224489796e-05,2.806122448979592e-05,2.959183673469388e-05,3.112244897959184e-05,3.265306122448979e-05,3.4183673469387755e-05,3.571428571428572e-05,3.724489795918368e-05,3.8775510204081634e-05,4.030612244897959e-05,4.183673469387755e-05,4.336734693877551e-05,4.4897959183673474e-05,4.6428571428571436e-05,4.795918367346939e-05,4.9489795918367346e-05,5.102040816326531e-05,5.255102040816327e-05,5.408163265306123e-05,5.561224489795918e-05,5.714285714285714e-05,5.8673469387755104e-05,6.0204081632653065e-05,6.173469387755103e-05,6.326530612244899e-05,6.479591836734694e-05,6.63265306122449e-05,6.785714285714286e-05,6.938775510204082e-05,7.091836734693878e-05,7.244897959183673e-05,7.39795918367347e-05,7.551020408163266e-05,7.704081632653062e-05,7.857142857142858e-05,8.010204081632653e-05,8.163265306122449e-05,8.316326530612245e-05,8.469387755102041e-05,8.622448979591836e-05,8.775510204081632e-05,8.928571428571429e-05,9.081632653061225e-05,9.234693877551021e-05,9.387755102040817e-05,9.540816326530612e-05,9.693877551020408e-05,9.846938775510204e-05,0.0001],\"z\":[[0.01414213562373095,0.014250777152198319,0.014360226831771801,0.014470462687361407,0.014581460657565307,0.014693194494554609,0.014805635662169761,0.014918753232518293,0.015032513781408463,0.015146881283001486,0.015261817004116635,0.015377279398678065,0.015493224002850386,0.015609603331470684,0.015726366776448453,0.01584346050787093,0.015960827378619178,0.016078406833369894,0.016196134822927914,0.01631394372490485,0.016431762271828482,0.01654951548783517,0.016667124635161897,0.016784507171714685,0.016901576721044306,0.01701824305610713,0.017134412098226574,0.01724998593269744,0.017364862842489184,0.017478937361503223,0.017592100348821162,0.017704239085344083,0.017815237394164664,0.017924975785933262,0.018033331630373194,0.018140179354968634,0.018245390671689246,0.018348834832427892,0.01845037891361113,0.01854988813019726,0.018647226179002892,0.01874225561099956,0.01883483823189675,0.018924835529981466,0.019012109129819613,0.01909652127004601,0.019177935303082795,0.019256216214236094,0.019331231157235555,0.019402850002906636,0.02,0.02,0.02,0.02,0.02,0.02,0.02,0.02,0.02,0.02,0.019402850002906636,0.019331231157235555,0.019256216214236094,0.019177935303082795,0.01909652127004601,0.019012109129819613,0.018924835529981466,0.01883483823189675,0.01874225561099956,0.018647226179002892,0.01854988813019726,0.01845037891361113,0.018348834832427892,0.018245390671689246,0.018140179354968634,0.018033331630373194,0.017924975785933262,0.017815237394164664,0.017704239085344083,0.017592100348821162,0.017478937361503223,0.017364862842489184,0.01724998593269744,0.017134412098226574,0.01701824305610713,0.016901576721044306,0.016784507171714685,0.016667124635161897,0.01654951548783517,0.016431762271828482,0.01631394372490485,0.016196134822927914,0.016078406833369894,0.015960827378619178,0.01584346050787093,0.015726366776448453,0.015609603331470684,0.015493224002850386,0.015377279398678065,0.015261817004116635,0.015146881283001486,0.015032513781408463,0.014918753232518293,0.014805635662169761,0.014693194494554609,0.014581460657565307,0.014470462687361407,0.014360226831771801,0.014250777152198319,0.01414213562373095],[0.014250777152198319,0.014361961566068737,0.014474013333947908,0.014586911180557409,0.014700631681339126,0.014815149154813126,0.014930435552674984,0.015046460347915219,0.015163190421291224,0.015280589946534013,0.015398620274727525,0.015517239818357897,0.015636403935593412,0.015756064815422723,0.0158761713643495,0.015996669095415136,0.016117500020397427,0.016238602546111588,0.0163599113758201,0.016481357416838375,0.016602867695504106,0.016724365280757155,0.01684576921765377,0.01696699447221165,0.017087951889049498,0.01720854816334464,0.01732868582868291,0.017448263262414103,0.01756717471015216,0.01768531033106878,0.017802556265620814,0.017918794727322475,0.01803390412012081,0.01814775918285532,0.01826023116217664,0.01837118801516421,0.018480494642716127,0.018588013154585182,0.01869360316670248,0.01879712213116381,0.01889842569895429,0.018997368115155806,0.019093802646019984,0.01918758203690158,0.019278558999635598,0.01936658672751214,0.019451519435560952,0.019533212923410415,0.019611525157540163,0.019686316869311556,0.020310880829015544,0.020310880829015544,0.020310880829015544,0.020310880829015544,0.020310880829015544,0.020310880829015544,0.020310880829015544,0.020310880829015544,0.020310880829015544,0.020310880829015544,0.019686316869311556,0.019611525157540163,0.019533212923410415,0.019451519435560952,0.01936658672751214,0.019278558999635598,0.01918758203690158,0.019093802646019984,0.018997368115155806,0.01889842569895429,0.01879712213116381,0.01869360316670248,0.018588013154585182,0.018480494642716127,0.01837118801516421,0.01826023116217664,0.01814775918285532,0.01803390412012081,0.017918794727322475,0.017802556265620814,0.01768531033106878,0.01756717471015216,0.017448263262414103,0.01732868582868291,0.01720854816334464,0.017087951889049498,0.01696699447221165,0.01684576921765377,0.016724365280757155,0.016602867695504106,0.016481357416838375,0.0163599113758201,0.016238602546111588,0.016117500020397427,0.015996669095415136,0.0158761713643495,0.015756064815422723,0.015636403935593412,0.015517239818357897,0.015398620274727525,0.015280589946534013,0.015163190421291224,0.015046460347915219,0.014930435552674984,0.014815149154813126,0.014700631681339126,0.014586911180557409,0.014474013333947908,0.014361961566068737,0.014250777152198319],[0.014360226831771801,0.014474013333947908,0.014588729380269824,0.014704354512236258,0.014820866060637348,0.014938239030027932,0.01505644598041631,0.015175456906440106,0.015295239114351593,0.015415757097190261,0.015536972408580261,0.015658843535654745,0.0157813257716781,0.015904371089010418,0.01602792801313619,0.016151941498560918,0.016276352807464402,0.016401099392087917,0.01652611478192312,0.016651328476862966,0.016776665847567852,0.016902048044392836,0.01702739191631232,0.017152609941365984,0.01727761017023183,0.017402296184607292,0.01752656707214506,0.017650317419744592,0.0177734373270401,0.017895812441949113,0.018017324020149356,0.018137849010332423,0.018257260167038797,0.018375426192805838,0.01849221191125709,0.018607478472624076,0.01872108359301929,0.01883288182856889,0.018942724885264908,0.019050461965108765,0.019155940148790615,0.019259004814783764,0.019359500094331957,0.019457269361372632,0.019552155755975888,0.019644002739391556,0.019732654678292702,0.0198179574552899,0.01989975910227624,0.01997791045265716,0.020631578947368424,0.020631578947368424,0.020631578947368424,0.020631578947368424,0.020631578947368424,0.020631578947368424,0.020631578947368424,0.020631578947368424,0.020631578947368424,0.020631578947368424,0.01997791045265716,0.01989975910227624,0.0198179574552899,0.019732654678292702,0.019644002739391556,0.019552155755975888,0.019457269361372632,0.019359500094331957,0.019259004814783764,0.019155940148790615,0.019050461965108765,0.018942724885264908,0.01883288182856889,0.01872108359301929,0.018607478472624076,0.01849221191125709,0.018375426192805838,0.018257260167038797,0.018137849010332423,0.018017324020149356,0.017895812441949113,0.0177734373270401,0.017650317419744592,0.01752656707214506,0.017402296184607292,0.01727761017023183,0.017152609941365984,0.01702739191631232,0.016902048044392836,0.016776665847567852,0.016651328476862966,0.01652611478192312,0.016401099392087917,0.016276352807464402,0.016151941498560918,0.01602792801313619,0.015904371089010418,0.0157813257716781,0.015658843535654745,0.015536972408580261,0.015415757097190261,0.015295239114351593,0.015175456906440106,0.01505644598041631,0.014938239030027932,0.014820866060637348,0.014704354512236258,0.014588729380269824,0.014474013333947908,0.014360226831771801],[0.014470462687361407,0.014586911180557409,0.014704354512236258,0.014822773167119073,0.014942145359852388,0.015062446911245279,0.015183651121142786,0.0153057286381916,0.015428647326807739,0.015552372131714936,0.01567686494048651,0.015802084444592933,0.01592798599953201,0.01605452148469875,0.016181639163737084,0.01630928354620609,0.016437395251487744,0.01656591087596265,0.01669476286458235,0.016823879388072033,0.016953184227104276,0.017082596664891866,0.017212031389754003,0.017341398409314035,0.017470602978086256,0.01759954554030178,0.017728121689907218,0.017856222149741776,0.01798373277195555,0.018110534561771696,0.018236503726713628,0.018361511753413093,0.01848542551408153,0.018608107404662875,0.018729415516586974,0.018849203843906325,0.01896732252742191,0.019083618137184014,0.019197933994489536,0.019310110534186853,0.019419985707743028,0.019527395427126303,0.019632174049111446,0.019734154899129774,0.01983317083326367,0.01992905483643314,0.02002164065424655,0.020110763455397758,0.020196260520897208,0.02027797195583649,0.02096256684491979,0.02096256684491979,0.02096256684491979,0.02096256684491979,0.02096256684491979,0.02096256684491979,0.02096256684491979,0.02096256684491979,0.02096256684491979,0.02096256684491979,0.02027797195583649,0.020196260520897208,0.020110763455397758,0.02002164065424655,0.01992905483643314,0.01983317083326367,0.019734154899129774,0.019632174049111446,0.019527395427126303,0.019419985707743028,0.019310110534186853,0.019197933994489536,0.019083618137184014,0.01896732252742191,0.018849203843906325,0.018729415516586974,0.018608107404662875,0.01848542551408153,0.018361511753413093,0.018236503726713628,0.018110534561771696,0.01798373277195555,0.017856222149741776,0.017728121689907218,0.01759954554030178,0.017470602978086256,0.017341398409314035,0.017212031389754003,0.017082596664891866,0.016953184227104276,0.016823879388072033,0.01669476286458235,0.01656591087596265,0.016437395251487744,0.01630928354620609,0.016181639163737084,0.01605452148469875,0.01592798599953201,0.015802084444592933,0.01567686494048651,0.015552372131714936,0.015428647326807739,0.0153057286381916,0.015183651121142786,0.015062446911245279,0.014942145359852388,0.014822773167119073,0.014704354512236258,0.014586911180557409,0.014470462687361407],[0.014581460657565307,0.014700631681339126,0.014820866060637348,0.014942145359852388,0.015064448816582969,0.015187753209294063,0.015312032720975189,0.015437258799032289,0.01556340001170496,0.015690421901363265,0.015818286835106613,0.015946953853161725,0.016076378515657273,0.016206512748439893,0.01633730468868938,0.016468698531190124,0.016600634376220984,0.016733048080136183,0.016865871109824855,0.016999030402356202,0.017132448231239106,0.017266042080848948,0.017399724530698404,0.01753340315135143,0.017666980413898588,0.017800353615024817,0.017933414819805087,0.018066050824456222,0.018198143141351084,0.01832956800866106,0.018460196427030385,0.018589894225697286,0.0187185221604586,0.01884593604582163,0.018971986923596102,0.01909652127004601,0.01921938124354203,0.019340404974427614,0.019459426898532237,0.019576278135433025,0.019690786912178793,0.0198027790327502,0.019912078393036638,0.02001850754056805,0.020121888277652954,0.020222042305948023,0.020318791909828347,0.02041196067525007,0.020501374240109893,0.02058686107142198,0.021304347826086957,0.021304347826086957,0.021304347826086957,0.021304347826086957,0.021304347826086957,0.021304347826086957,0.021304347826086957,0.021304347826086957,0.021304347826086957,0.021304347826086957,0.02058686107142198,0.020501374240109893,0.02041196067525007,0.020318791909828347,0.020222042305948023,0.020121888277652954,0.02001850754056805,0.019912078393036638,0.0198027790327502,0.019690786912178793,0.019576278135433025,0.019459426898532237,0.019340404974427614,0.01921938124354203,0.01909652127004601,0.018971986923596102,0.01884593604582163,0.0187185221604586,0.018589894225697286,0.018460196427030385,0.01832956800866106,0.018198143141351084,0.018066050824456222,0.017933414819805087,0.017800353615024817,0.017666980413898588,0.01753340315135143,0.017399724530698404,0.017266042080848948,0.017132448231239106,0.016999030402356202,0.016865871109824855,0.016733048080136183,0.016600634376220984,0.016468698531190124,0.01633730468868938,0.016206512748439893,0.016076378515657273,0.015946953853161725,0.015818286835106613,0.015690421901363265,0.01556340001170496,0.015437258799032289,0.015312032720975189,0.015187753209294063,0.015064448816582969,0.014942145359852388,0.014820866060637348,0.014700631681339126,0.014581460657565307],[0.014693194494554609,0.014815149154813126,0.014938239030027932,0.015062446911245279,0.015187753209294063,0.015314135813542906,0.015441569945955672,0.015570028010653927,0.015699479439254208,0.015829890532313456,0.015961224297288586,0.016093440283495502,0.016226494414639636,0.01636033881958399,0.01649492166212233,0.016630186970633655,0.016766074468610247,0.016902519407174035,0.01703945240082501,0.01717679926779978,0.01731448087655706,0.01745241300004906,0.017590506179581456,0.017728665600208065,0.017866790979747745,0.01800477647364713,0.018142510598041353,0.018279876173482267,0.01841675029190613,0.018553004309496697,0.01868850386816019,0.01882310894836185,0.01895667395607432,0.019089047846551434,0.01922007428756184,0.01934959186459113,0.019477434330343102,0.01960343090063769,0.01972740659851037,0.019849182647963513,0.019968576918402203,0.020085404420305434,0.020199477852139085,0.02031060819791292,0.020418605374124037,0.020523278924121018,0.02062443875717453,0.020721895928762602,0.02081546345778439,0.020904957175620638,0.021657458563535913,0.021657458563535913,0.021657458563535913,0.021657458563535913,0.021657458563535913,0.021657458563535913,0.021657458563535913,0.021657458563535913,0.021657458563535913,0.021657458563535913,0.020904957175620638,0.02081546345778439,0.020721895928762602,0.02062443875717453,0.020523278924121018,0.020418605374124037,0.02031060819791292,0.020199477852139085,0.020085404420305434,0.019968576918402203,0.019849182647963513,0.01972740659851037,0.01960343090063769,0.019477434330343102,0.01934959186459113,0.01922007428756184,0.019089047846551434,0.01895667395607432,0.01882310894836185,0.01868850386816019,0.018553004309496697,0.01841675029190613,0.018279876173482267,0.018142510598041353,0.01800477647364713,0.017866790979747745,0.017728665600208065,0.017590506179581456,0.01745241300004906,0.01731448087655706,0.01717679926779978,0.01703945240082501,0.016902519407174035,0.016766074468610247,0.016630186970633655,0.01649492166212233,0.01636033881958399,0.016226494414639636,0.016093440283495502,0.015961224297288586,0.015829890532313456,0.015699479439254208,0.015570028010653927,0.015441569945955672,0.015314135813542906,0.015187753209294063,0.015062446911245279,0.014938239030027932,0.014815149154813126,0.014693194494554609],[0.014805635662169761,0.014930435552674984,0.01505644598041631,0.015183651121142786,0.015312032720975189,0.015441569945955672,0.01557223922613071,0.015704014094342626,0.0158368650199665,0.0159707592378981,0.016105660573174637,0.01624152926169468,0.016378321767596044,0.016515990597951724,0.016654484115553824,0.01679374635067403,0.016933716812816475,0.017074330303614514,0.017215516732166383,0.017357200934255794,0.01749930249706025,0.017641735591112363,0.01778440881144493,0.01792722503001765,0.018070081261689994,0.018212868546167528,0.018355471848505184,0.018497769980897232,0.01863963554861484,0.01878093492306531,0.018921528245035582,0.01906126946124254,0.01920000639733764,0.019337580870498066,0.019473828844674287,0.019608580631450163,0.01974166113929895,0.019872890173783516,0.020002082790945508,0.020129049705753393,0.020253597757030162,0.020375530429756934,0.020494648435049424,0.02061075034743199,0.020723633298294217,0.020833093723613853,0.020938928163177047,0.021040934107634406,0.021138910888813478,0.021232660607782,0.02202247191011236,0.02202247191011236,0.02202247191011236,0.02202247191011236,0.02202247191011236,0.02202247191011236,0.02202247191011236,0.02202247191011236,0.02202247191011236,0.02202247191011236,0.021232660607782,0.021138910888813478,0.021040934107634406,0.020938928163177047,0.020833093723613853,0.020723633298294217,0.02061075034743199,0.020494648435049424,0.020375530429756934,0.020253597757030162,0.020129049705753393,0.020002082790945508,0.019872890173783516,0.01974166113929895,0.019608580631450163,0.019473828844674287,0.019337580870498066,0.01920000639733764,0.01906126946124254,0.018921528245035582,0.01878093492306531,0.01863963554861484,0.018497769980897232,0.018355471848505184,0.018212868546167528,0.018070081261689994,0.01792722503001765,0.01778440881144493,0.017641735591112363,0.01749930249706025,0.017357200934255794,0.017215516732166383,0.017074330303614514,0.016933716812816475,0.01679374635067403,0.016654484115553824,0.016515990597951724,0.016378321767596044,0.01624152926169468,0.016105660573174637,0.0159707592378981,0.0158368650199665,0.015704014094342626,0.01557223922613071,0.015441569945955672,0.015312032720975189,0.015183651121142786,0.01505644598041631,0.014930435552674984,0.014805635662169761],[0.014918753232518293,0.015046460347915219,0.015175456906440106,0.0153057286381916,0.015437258799032289,0.015570028010653927,0.015704014094342626,0.015839191898578665,0.015975533120669076,0.01611300612268239,0.016251575742035125,0.016391203097168298,0.016531845388850924,0.0166734556977556,0.01681598277906972,0.016959370855034687,0.017103559406444518,0.017248482964284596,0.017394070902850545,0.017540247235855674,0.01768693041721244,0.0178340331483575,0.017981462194179745,0.01812911820980447,0.018276895580681338,0.018424682278617398,0.018572359736584353,0.01871980274530854,0.018866879374817857,0.01901345092426672,0.019159371903483248,0.01930449004977532,0.019448646383587887,0.019591675306616284,0.0197334047459412,0.019873656347654936,0.020012245723286717,0.02014898275210235,0.020283671942042652,0.020416112851672424,0.020546100575031694,0.02067342629071295,0.02079787787582981,0.020919240584797605,0.021037297792017476,0.021151831796650884,0.02126262468670032,0.021369459258588127,0.021472119987364494,0.02157039404159767,0.022400000000000003,0.022400000000000003,0.022400000000000003,0.022400000000000003,0.022400000000000003,0.022400000000000003,0.022400000000000003,0.022400000000000003,0.022400000000000003,0.022400000000000003,0.02157039404159767,0.021472119987364494,0.021369459258588127,0.02126262468670032,0.021151831796650884,0.021037297792017476,0.020919240584797605,0.02079787787582981,0.02067342629071295,0.020546100575031694,0.020416112851672424,0.020283671942042652,0.02014898275210235,0.020012245723286717,0.019873656347654936,0.0197334047459412,0.019591675306616284,0.019448646383587887,0.01930449004977532,0.019159371903483248,0.01901345092426672,0.018866879374817857,0.01871980274530854,0.018572359736584353,0.018424682278617398,0.018276895580681338,0.01812911820980447,0.017981462194179745,0.0178340331483575,0.01768693041721244,0.017540247235855674,0.017394070902850545,0.017248482964284596,0.017103559406444518,0.016959370855034687,0.01681598277906972,0.0166734556977556,0.016531845388850924,0.016391203097168298,0.016251575742035125,0.01611300612268239,0.015975533120669076,0.015839191898578665,0.015704014094342626,0.015570028010653927,0.015437258799032289,0.0153057286381916,0.015175456906440106,0.015046460347915219,0.014918753232518293],[0.015032513781408463,0.015163190421291224,0.015295239114351593,0.015428647326807739,0.01556340001170496,0.015699479439254208,0.0158368650199665,0.015975533120669076,0.016115456873553875,0.016256605978482525,0.016398946498855153,0.016542440651443606,0.01668704659069354,0.01683271818811512,0.016979404807509032,0.01712705107691338,0.01727559665830849,0.01742497601628004,0.017575118187016826,0.017725946549206638,0.017877378598592255,0.01802932572815752,0.0181816930161301,0.018334379024210215,0.018487275608661355,0.01864026774712659,0.0187932333842586,0.018946043299469306,0.01909856100031014,0.019250642645182062,0.01940213699923768,0.019552885427470686,0.0197027219290816,0.019851473217256266,0.019998958848485723,0.020144991405484803,0.02028937673762307,0.020431914262557558,0.02057239733244442,0.02071061366769881,0.020846345860764337,0.020979371951740447,0.021109466076997548,0.02123639919108503,0.021359939861311874,0.021479855133358504,0.021595911465174488,0.02170787572524223,0.021815516250061326,0.021918603954453345,0.022790697674418606,0.022790697674418606,0.022790697674418606,0.022790697674418606,0.022790697674418606,0.022790697674418606,0.022790697674418606,0.022790697674418606,0.022790697674418606,0.022790697674418606,0.021918603954453345,0.021815516250061326,0.02170787572524223,0.021595911465174488,0.021479855133358504,0.021359939861311874,0.02123639919108503,0.021109466076997548,0.020979371951740447,0.020846345860764337,0.02071061366769881,0.02057239733244442,0.020431914262557558,0.02028937673762307,0.020144991405484803,0.019998958848485723,0.019851473217256266,0.0197027219290816,0.019552885427470686,0.01940213699923768,0.019250642645182062,0.01909856100031014,0.018946043299469306,0.0187932333842586,0.01864026774712659,0.018487275608661355,0.018334379024210215,0.0181816930161301,0.01802932572815752,0.017877378598592255,0.017725946549206638,0.017575118187016826,0.01742497601628004,0.01727559665830849,0.01712705107691338,0.016979404807509032,0.01683271818811512,0.01668704659069354,0.016542440651443606,0.016398946498855153,0.016256605978482525,0.016115456873553875,0.015975533120669076,0.0158368650199665,0.015699479439254208,0.01556340001170496,0.015428647326807739,0.015295239114351593,0.015163190421291224,0.015032513781408463],[0.015146881283001486,0.015280589946534013,0.015415757097190261,0.015552372131714936,0.015690421901363265,0.015829890532313456,0.0159707592378981,0.01611300612268239,0.016256605978482525,0.0164015300724927,0.0165477459277751,0.01669521709646386,0.016843902926143444,0.016993758319983267,0.017144733491345918,0.017296773713735475,0.0174498190671159,0.017603804181807965,0.017758657981365816,0.01791430342604197,0.018070657258670294,0.018227629755030863,0.018385124481006113,0.01854303805909251,0.018701259947094567,0.018859672232093658,0.019018149443050494,0.019176558385661662,0.01933475800334218,0.01949259926844154,0.019649925108012722,0.019806570368634733,0.019962361824929897,0.020117118236509197,0.020270650458111095,0.02042276160766229,0.020573247296871867,0.020721895928762602,0.020868489066235955,0.02101280187535021,0.02115460364645813,0.021293658395694453,0.021429725548521725,0.021562560706134812,0.021691916494492366,0.021817543494594648,0.021939191251372316,0.02205660935720519,0.02216954860467482,0.022277762201693405,0.023195266272189353,0.023195266272189353,0.023195266272189353,0.023195266272189353,0.023195266272189353,0.023195266272189353,0.023195266272189353,0.023195266272189353,0.023195266272189353,0.023195266272189353,0.022277762201693405,0.02216954860467482,0.02205660935720519,0.021939191251372316,0.021817543494594648,0.021691916494492366,0.021562560706134812,0.021429725548521725,0.021293658395694453,0.02115460364645813,0.02101280187535021,0.020868489066235955,0.020721895928762602,0.020573247296871867,0.02042276160766229,0.020270650458111095,0.020117118236509197,0.019962361824929897,0.019806570368634733,0.019649925108012722,0.01949259926844154,0.01933475800334218,0.019176558385661662,0.019018149443050494,0.018859672232093658,0.018701259947094567,0.01854303805909251,0.018385124481006113,0.018227629755030863,0.018070657258670294,0.01791430342604197,0.017758657981365816,0.017603804181807965,0.0174498190671159,0.017296773713735475,0.017144733491345918,0.016993758319983267,0.016843902926143444,0.01669521709646386,0.0165477459277751,0.0164015300724927,0.016256605978482525,0.01611300612268239,0.0159707592378981,0.015829890532313456,0.015690421901363265,0.015552372131714936,0.015415757097190261,0.015280589946534013,0.015146881283001486],[0.015261817004116635,0.015398620274727525,0.015536972408580261,0.01567686494048651,0.015818286835106613,0.015961224297288586,0.016105660573174637,0.016251575742035125,0.016398946498855153,0.0165477459277751,0.016697943266573895,0.016849503662483816,0.017002387919738987,0.01715655223938775,0.017311947952042005,0.017468521244395973,0.017626212880522654,0.017784957919149438,0.01794468542832508,0.018105318199118293,0.01826677246023386,0.018428957595693643,0.018591775868007317,0.018755122149547696,0.018918883665147285,0.019082939749241603,0.01924716162119799,0.019411412182780412,0.019575545842005757,0.01973940836793826,0.019902836781238154,0.02006565928551956,0.020227695244770878,0.020388755212237906,0.020548641016253616,0.020707145908507057,0.020864054780164096,0.02101914445107239,0.02117218403698941,0.021322935399354228,0.02147115368157046,0.021616587935071773,0.021758981837595805,0.02189807450509606,0.022033601397574588,0.022165295317827845,0.02229288750067436,0.022416108788692858,0.022534690888865293,0.02264836770281903,0.0236144578313253,0.0236144578313253,0.0236144578313253,0.0236144578313253,0.0236144578313253,0.0236144578313253,0.0236144578313253,0.0236144578313253,0.0236144578313253,0.0236144578313253,0.02264836770281903,0.022534690888865293,0.022416108788692858,0.02229288750067436,0.022165295317827845,0.022033601397574588,0.02189807450509606,0.021758981837595805,0.021616587935071773,0.02147115368157046,0.021322935399354228,0.02117218403698941,0.02101914445107239,0.020864054780164096,0.020707145908507057,0.020548641016253616,0.020388755212237906,0.020227695244770878,0.02006565928551956,0.019902836781238154,0.01973940836793826,0.019575545842005757,0.019411412182780412,0.01924716162119799,0.019082939749241603,0.018918883665147285,0.018755122149547696,0.018591775868007317,0.018428957595693643,0.01826677246023386,0.018105318199118293,0.01794468542832508,0.017784957919149438,0.017626212880522654,0.017468521244395973,0.017311947952042005,0.01715655223938775,0.017002387919738987,0.016849503662483816,0.016697943266573895,0.0165477459277751,0.016398946498855153,0.016251575742035125,0.016105660573174637,0.015961224297288586,0.015818286835106613,0.01567686494048651,0.015536972408580261,0.015398620274727525,0.015261817004116635],[0.015377279398678065,0.015517239818357897,0.015658843535654745,0.015802084444592933,0.015946953853161725,0.016093440283495502,0.01624152926169468,0.016391203097168298,0.016542440651443606,0.01669521709646386,0.016849503662483816,0.017005267375774638,0.017162470786466887,0.01732107168699322,0.017481022821743082,0.017642271588709985,0.017804759734100124,0.017968423041079117,0.018133191014062324,0.018298986560204077,0.018465725670011934,0.01863331709930325,0.018801662055032656,0.01897065388784748,0.019140177794573054,0.019310110534186853,0.01948032016120599,0.01965066578078168,0.0198